[gd_scene load_steps=75 format=3 uid="uid://cm5mhbhroqded"]

[ext_resource type="Texture2D" uid="uid://dc5f1olwhqsha" path="res://assets/textures/world/concrete/gouged1.png" id="1_6e65t"]
[ext_resource type="PackedScene" uid="uid://bg8aarggcxwa8" path="res://assets/entities/pawnEntity/pawnEntity.tscn" id="1_6tkvv"]
[ext_resource type="Texture2D" uid="uid://dralk8xtrsqrp" path="res://assets/textures/world/slate/slate.png" id="1_bvse0"]
[ext_resource type="PackedScene" uid="uid://ce6f4sqfdrpvt" path="res://assets/models/weapons/honeybadger/HoneyBadger.fbx" id="1_mmc6m"]
[ext_resource type="Texture2D" uid="uid://wbee5ebs8hau" path="res://assets/textures/world/brick/brick1.png" id="1_ubg56"]
[ext_resource type="ArrayMesh" uid="uid://brx711lyumg08" path="res://assets/models/weapons/uzi/uzimodel.res" id="2_y054k"]
[ext_resource type="Environment" uid="uid://7s7lpp6u8ukp" path="res://assets/envs/default/debugWorld.tres" id="3_nx10h"]
[ext_resource type="PackedScene" uid="uid://cgghffeqks1ac" path="res://assets/entities/clothing/Gloves/left_glove_fingerless.tscn" id="3_sguoq"]
[ext_resource type="Texture2D" uid="uid://boc7cpthcn4yv" path="res://assets/textures/world/wood/wood1.png" id="4_3syth"]
[ext_resource type="PackedScene" uid="uid://bap501mpmqgb" path="res://assets/entities/clothing/Gloves/right_glove_fingerless.tscn" id="4_jwagi"]
[ext_resource type="Texture2D" uid="uid://crli285hmp5iv" path="res://assets/textures/misc/one-stick-army.png" id="4_vym1c"]
[ext_resource type="Texture2D" uid="uid://dab7ycbdan6j2" path="res://assets/textures/world/wood/wood2.png" id="5_0t3kd"]
[ext_resource type="PackedScene" uid="uid://bb5qvdslt6004" path="res://assets/entities/clothing/Pants/armored_pants.tscn" id="5_pnv0u"]
[ext_resource type="Texture2D" uid="uid://cex4snlueu6je" path="res://assets/textures/world/metal/plate.png" id="6_3emxc"]
[ext_resource type="PackedScene" uid="uid://d10o2e44ltrnl" path="res://assets/entities/clothing/ArmoredShirt/armor_shirt.tscn" id="6_7pcxf"]
[ext_resource type="PackedScene" uid="uid://cu4bdt2hv4dyo" path="res://assets/models/weapons/beretta/Beretta.fbx" id="6_7thhc"]
[ext_resource type="PackedScene" uid="uid://cix8a7ilvw57" path="res://assets/entities/clothing/Hats/Balaclava/balaclava.tscn" id="7_fu03r"]
[ext_resource type="Texture2D" uid="uid://dc3fkfugwvtla" path="res://assets/textures/misc/company-logo (1).png" id="8_imgke"]
[ext_resource type="FontFile" uid="uid://xmwjvmqspojb" path="res://assets/fonts/Grand_Aventure_Text.otf" id="8_klk30"]
[ext_resource type="Theme" uid="uid://cppiwhssjdjlp" path="res://assets/misc/editorTheme/vertex_4.1-dev3-r0.res" id="10_8uso2"]
[ext_resource type="Script" path="res://assets/scripts/AnimationControl/AnimatedControl.gd" id="10_b7a2x"]
[ext_resource type="AudioStream" uid="uid://dmifxlb0c387l" path="res://assets/sounds/ui/uiclick.wav" id="10_tlj7m"]
[ext_resource type="Texture2D" uid="uid://y3t3guvaiihk" path="res://assets/textures/menu/bg.png" id="11_jchm2"]
[ext_resource type="Theme" uid="uid://cmd714lbb53ja" path="res://assets/resources/themes/ui_theme.tres" id="16_r0giw"]
[ext_resource type="AudioStream" uid="uid://dys07dk37t3nk" path="res://assets/music/menu/noop.mp3" id="25_6nsq6"]

[sub_resource type="GDScript" id="GDScript_h14ep"]
script/source = "extends Node3D
@onready var menuSong = $menuMusic
@onready var menuSound = $menuSound

# Called when the node enters the scene tree for the first time.
func _ready():
	menuSong.play()
	globalGameManager.notify_warn(\"TODO, Better looking menu.. Add smoke, New Logo, New name, UI elements..\", 4, 10)

func _on_play_button_pressed():
	menuSound.play()
	await Fade.fade_out(0.3, Color(0,0,0,1),\"GradientVertical\",false,true).finished
	get_tree().change_scene_to_file(\"res://assets/scenes/worlds/debug/debugWorld.tscn\")


func _on_quit_button_pressed():
	menuSound.play()
	UserConfig.saveConfigs()
	await Fade.fade_out(0.3, Color(0,0,0,1),\"GradientVertical\",false,true).finished
	get_tree().quit()


func _on_menu_music_finished():
	menuSong.play()

"

[sub_resource type="StandardMaterial3D" id="StandardMaterial3D_n8cwh"]
albedo_texture = ExtResource("1_bvse0")
uv1_triplanar = true

[sub_resource type="StandardMaterial3D" id="StandardMaterial3D_eemj8"]
albedo_texture = ExtResource("1_6e65t")
uv1_triplanar = true

[sub_resource type="StandardMaterial3D" id="StandardMaterial3D_6hecn"]
albedo_texture = ExtResource("1_bvse0")
uv1_triplanar = true

[sub_resource type="StandardMaterial3D" id="StandardMaterial3D_6d2y1"]
albedo_texture = ExtResource("1_ubg56")
uv1_triplanar = true

[sub_resource type="StandardMaterial3D" id="StandardMaterial3D_smpuk"]
albedo_texture = ExtResource("1_ubg56")
uv1_triplanar = true
uv1_world_triplanar = true

[sub_resource type="StandardMaterial3D" id="StandardMaterial3D_yei58"]
albedo_texture = ExtResource("4_3syth")

[sub_resource type="StandardMaterial3D" id="StandardMaterial3D_i6bw5"]
albedo_texture = ExtResource("5_0t3kd")
uv1_triplanar = true

[sub_resource type="StandardMaterial3D" id="StandardMaterial3D_vme1f"]
albedo_texture = ExtResource("6_3emxc")

[sub_resource type="CameraAttributesPractical" id="CameraAttributesPractical_ttsfu"]
exposure_multiplier = 1.35
dof_blur_far_enabled = true
dof_blur_far_distance = 2.54
dof_blur_far_transition = 6.41
dof_blur_amount = 0.19

[sub_resource type="GDScript" id="GDScript_s66us"]
script/source = "extends Camera3D


# Called when the node enters the scene tree for the first time.
func _ready():
	await get_tree().process_frame
	Fade.fade_in(0.8, Color(0,0,0,1),\"GradientVertical\",false,true)

"

[sub_resource type="FogMaterial" id="FogMaterial_r02gc"]
density = 0.6308
albedo = Color(0, 0, 0, 1)
emission = Color(0.207843, 0.117647, 0.101961, 1)

[sub_resource type="GDScript" id="GDScript_k7ds2"]
script/source = "@tool
extends SkeletonIK3D

# Called when the node enters the scene tree for the first time.
func _ready():
	start()


"

[sub_resource type="AnimationNodeAnimation" id="AnimationNodeAnimation_8ietc"]
animation = &"PawnAnim/Run3"

[sub_resource type="AnimationNodeAnimation" id="AnimationNodeAnimation_oi2e0"]
animation = &"PawnAnim/Jump"

[sub_resource type="AnimationNodeTransition" id="AnimationNodeTransition_u61cl"]
xfade_time = 0.2
input_0/name = "notAiming"
input_0/auto_advance = false
input_0/reset = true
input_1/name = "aiming"
input_1/auto_advance = false
input_1/reset = true

[sub_resource type="AnimationNodeAnimation" id="AnimationNodeAnimation_6kpxq"]
animation = &"PawnAnim/Fall"

[sub_resource type="AnimationNodeBlend2" id="AnimationNodeBlend2_3msri"]

[sub_resource type="AnimationNodeAnimation" id="AnimationNodeAnimation_y0agk"]
animation = &"PawnAnim/Idle"

[sub_resource type="AnimationNodeAnimation" id="AnimationNodeAnimation_y672p"]
animation = &"PawnAnim/FinalWalkForward"

[sub_resource type="AnimationNodeAnimation" id="AnimationNodeAnimation_h4dqp"]
animation = &"PawnAnim/runCartoonish"

[sub_resource type="AnimationNodeBlendSpace1D" id="AnimationNodeBlendSpace1D_7rjpd"]
blend_point_0/node = SubResource("AnimationNodeAnimation_y0agk")
blend_point_0/pos = 0.0
blend_point_1/node = SubResource("AnimationNodeAnimation_y672p")
blend_point_1/pos = 1.0
blend_point_2/node = SubResource("AnimationNodeAnimation_h4dqp")
blend_point_2/pos = -1.0

[sub_resource type="AnimationNodeBlend2" id="AnimationNodeBlend2_g6vej"]

[sub_resource type="AnimationNodeBlend2" id="AnimationNodeBlend2_vqig1"]

[sub_resource type="AnimationNodeTimeScale" id="AnimationNodeTimeScale_dnr8x"]

[sub_resource type="AnimationNodeAnimation" id="AnimationNodeAnimation_v40iq"]
animation = &"PawnAnim/Idle"

[sub_resource type="AnimationNodeAnimation" id="AnimationNodeAnimation_5l4ns"]
animation = &"PawnAnim/FinalWalkForward"

[sub_resource type="AnimationNodeAnimation" id="AnimationNodeAnimation_kt4ho"]
animation = &"PawnAnim/NewerWalkUpleft"

[sub_resource type="AnimationNodeAnimation" id="AnimationNodeAnimation_pgirr"]
animation = &"PawnAnim/NewerWalkUpRight"

[sub_resource type="AnimationNodeAnimation" id="AnimationNodeAnimation_rjncq"]
animation = &"PawnAnim/WalkBackwardsLeft"

[sub_resource type="AnimationNodeAnimation" id="AnimationNodeAnimation_4s3ao"]
animation = &"PawnAnim/WalkBackwardsR"

[sub_resource type="AnimationNodeAnimation" id="AnimationNodeAnimation_2tnao"]
animation = &"PawnAnim/WalkBackwards"

[sub_resource type="AnimationNodeAnimation" id="AnimationNodeAnimation_3xky2"]
animation = &"PawnAnim/WalkLeft"

[sub_resource type="AnimationNodeAnimation" id="AnimationNodeAnimation_anjab"]
animation = &"PawnAnim/WalkRight"

[sub_resource type="AnimationNodeBlendSpace2D" id="AnimationNodeBlendSpace2D_70r62"]
blend_point_0/node = SubResource("AnimationNodeAnimation_v40iq")
blend_point_0/pos = Vector2(0, 0)
blend_point_1/node = SubResource("AnimationNodeAnimation_5l4ns")
blend_point_1/pos = Vector2(0, 1)
blend_point_2/node = SubResource("AnimationNodeAnimation_kt4ho")
blend_point_2/pos = Vector2(1, 1)
blend_point_3/node = SubResource("AnimationNodeAnimation_pgirr")
blend_point_3/pos = Vector2(-1, 1)
blend_point_4/node = SubResource("AnimationNodeAnimation_rjncq")
blend_point_4/pos = Vector2(-1, -1)
blend_point_5/node = SubResource("AnimationNodeAnimation_4s3ao")
blend_point_5/pos = Vector2(1, -1)
blend_point_6/node = SubResource("AnimationNodeAnimation_2tnao")
blend_point_6/pos = Vector2(0, -1)
blend_point_7/node = SubResource("AnimationNodeAnimation_3xky2")
blend_point_7/pos = Vector2(1, 0)
blend_point_8/node = SubResource("AnimationNodeAnimation_anjab")
blend_point_8/pos = Vector2(-1, 0)

[sub_resource type="AnimationNodeBlend2" id="AnimationNodeBlend2_e8nkd"]
filter_enabled = true
filters = ["MaleSkeleton/Skeleton3D:Head", "MaleSkeleton/Skeleton3D:Neck", "MaleSkeleton/Skeleton3D:R_Forearm", "MaleSkeleton/Skeleton3D:R_Hand", "MaleSkeleton/Skeleton3D:R_Index0", "MaleSkeleton/Skeleton3D:R_Index1", "MaleSkeleton/Skeleton3D:R_Index2", "MaleSkeleton/Skeleton3D:R_Middle0", "MaleSkeleton/Skeleton3D:R_Middle1", "MaleSkeleton/Skeleton3D:R_Middle2", "MaleSkeleton/Skeleton3D:R_Pinkie0", "MaleSkeleton/Skeleton3D:R_Pinkie1", "MaleSkeleton/Skeleton3D:R_Pinkie2", "MaleSkeleton/Skeleton3D:R_Ring0", "MaleSkeleton/Skeleton3D:R_Ring1", "MaleSkeleton/Skeleton3D:R_Ring2", "MaleSkeleton/Skeleton3D:R_Shoulder", "MaleSkeleton/Skeleton3D:R_Thumb0", "MaleSkeleton/Skeleton3D:R_Thumb1", "MaleSkeleton/Skeleton3D:R_Thumb2", "MaleSkeleton/Skeleton3D:R_UpperArm"]

[sub_resource type="AnimationNodeBlendSpace1D" id="AnimationNodeBlendSpace1D_uuh34"]

[sub_resource type="AnimationNodeBlendTree" id="AnimationNodeBlendTree_65jm4"]
graph_offset = Vector2(-314, 54)
nodes/BlendSpace1D/node = SubResource("AnimationNodeBlendSpace1D_uuh34")
nodes/BlendSpace1D/position = Vector2(60, 160)
node_connections = [&"output", 0, &"BlendSpace1D"]

[sub_resource type="AnimationNodeBlendTree" id="AnimationNodeBlendTree_i8yum"]
resource_local_to_scene = true
graph_offset = Vector2(-545.968, -77.3433)
nodes/Animation/node = SubResource("AnimationNodeAnimation_8ietc")
nodes/Animation/position = Vector2(-1340, -200)
nodes/Jump/node = SubResource("AnimationNodeAnimation_oi2e0")
nodes/Jump/position = Vector2(-820, -20)
nodes/aimTransition/node = SubResource("AnimationNodeTransition_u61cl")
nodes/aimTransition/position = Vector2(-120, -240)
nodes/fallAnim/node = SubResource("AnimationNodeAnimation_6kpxq")
nodes/fallAnim/position = Vector2(-580, -120)
nodes/fallBlend/node = SubResource("AnimationNodeBlend2_3msri")
nodes/fallBlend/position = Vector2(-380, -400)
nodes/idleSpace/node = SubResource("AnimationNodeBlendSpace1D_7rjpd")
nodes/idleSpace/position = Vector2(-1340, -340)
nodes/jumpBlend/node = SubResource("AnimationNodeBlend2_g6vej")
nodes/jumpBlend/position = Vector2(-600, -340)
nodes/output/position = Vector2(880, -280)
nodes/runBlend/node = SubResource("AnimationNodeBlend2_vqig1")
nodes/runBlend/position = Vector2(-780, -340)
nodes/runSpeed/node = SubResource("AnimationNodeTimeScale_dnr8x")
nodes/runSpeed/position = Vector2(-1040, -240)
nodes/strafeSpace/node = SubResource("AnimationNodeBlendSpace2D_70r62")
nodes/strafeSpace/position = Vector2(-560, 20)
nodes/weaponBlend/node = SubResource("AnimationNodeBlend2_e8nkd")
nodes/weaponBlend/position = Vector2(326.539, -213.617)
nodes/weaponState/node = SubResource("AnimationNodeBlendTree_65jm4")
nodes/weaponState/position = Vector2(-120, -40)
node_connections = [&"aimTransition", 0, &"fallBlend", &"aimTransition", 1, &"strafeSpace", &"fallBlend", 0, &"jumpBlend", &"fallBlend", 1, &"fallAnim", &"jumpBlend", 0, &"runBlend", &"jumpBlend", 1, &"Jump", &"output", 0, &"weaponBlend", &"runBlend", 0, &"idleSpace", &"runBlend", 1, &"runSpeed", &"runSpeed", 0, &"Animation", &"weaponBlend", 0, &"aimTransition", &"weaponBlend", 1, &"weaponState"]

[sub_resource type="GDScript" id="GDScript_xoaof"]
script/source = "extends WorldEnvironment


# Called when the node enters the scene tree for the first time.
func _ready():
	if UserConfig.graphics_Sdfgi:
		get_environment().sdfgi_enabled = true
	if UserConfig.graphics_Ssr:
		get_environment().ssr_enabled = true
	if UserConfig.graphics_Ssil:
		get_environment().ssil_enabled = true


# Called every frame. 'delta' is the elapsed time since the previous frame.
func _process(delta):
	pass
"

[sub_resource type="GDScript" id="GDScript_aalkd"]
script/source = "extends Control
#@onready var animPlayer = $AnimationPlayer
var anykey = false
var pressed = false
# Called when the node enters the scene tree for the first time.
func _ready():
#	animPlayer.play(\"start\")
	$camAnim.play(\"cam\")
	$logoAnim/logoAnim.play(\"logoanim\")
func _on_play_button_pressed():
	pass # Replace with function body.


func _on_logo_anim_animation_finished(anim_name):
	if anim_name == \"logoanim\":
		anykey = true

func _input(event):
	if event.is_action_pressed(\"gLeftClick\"):
		if anykey and !pressed:
			$logoAnim/logoAnim.play(\"fade\")
			pressed = true
			globalGameManager.notify_warn(\"Add the actual menu options here.. \", 4, 10)
"

[sub_resource type="Animation" id="Animation_wpqb2"]
resource_name = "flyup"
tracks/0/type = "value"
tracks/0/imported = false
tracks/0/enabled = true
tracks/0/path = NodePath(".:metadata/blend_1")
tracks/0/interp = 1
tracks/0/loop_wrap = true
tracks/0/keys = {
"times": PackedFloat32Array(0.2, 0.7),
"transitions": PackedFloat32Array(0.15932, 1),
"update": 0,
"values": [0.0, 1.0]
}

[sub_resource type="AnimationLibrary" id="AnimationLibrary_163x7"]
_data = {
"flyup": SubResource("Animation_wpqb2")
}

[sub_resource type="Animation" id="Animation_jj1mn"]
resource_name = "cam"
length = 90.0
loop_mode = 2
tracks/0/type = "value"
tracks/0/imported = false
tracks/0/enabled = true
tracks/0/path = NodePath("../Camera3D:rotation")
tracks/0/interp = 2
tracks/0/loop_wrap = true
tracks/0/keys = {
"times": PackedFloat32Array(0, 43.7, 90),
"transitions": PackedFloat32Array(0.659757, 0.574349, 0.420448),
"update": 0,
"values": [Vector3(0.48231, 0.29601, 0.0113825), Vector3(0.434587, -0.216421, -0.347321), Vector3(0.48231, 0.29601, 0.0113825)]
}

[sub_resource type="AnimationLibrary" id="AnimationLibrary_obo1l"]
_data = {
"cam": SubResource("Animation_jj1mn")
}

[sub_resource type="Animation" id="Animation_egmr4"]
resource_name = "fade"
tracks/0/type = "value"
tracks/0/imported = false
tracks/0/enabled = true
tracks/0/path = NodePath("../label:modulate")
tracks/0/interp = 1
tracks/0/loop_wrap = true
tracks/0/keys = {
"times": PackedFloat32Array(0, 0.5),
"transitions": PackedFloat32Array(1, 1),
"update": 0,
"values": [Color(1, 1, 1, 1), Color(1, 1, 1, 0)]
}
tracks/1/type = "value"
tracks/1/imported = false
tracks/1/enabled = true
tracks/1/path = NodePath(".:modulate")
tracks/1/interp = 1
tracks/1/loop_wrap = true
tracks/1/keys = {
"times": PackedFloat32Array(0, 0.5),
"transitions": PackedFloat32Array(1, 1),
"update": 0,
"values": [Color(1, 1, 1, 1), Color(1, 1, 1, 0)]
}

[sub_resource type="Animation" id="Animation_gcjaj"]
resource_name = "logoanim"
length = 3.0
tracks/0/type = "value"
tracks/0/imported = false
tracks/0/enabled = true
tracks/0/path = NodePath(".:metadata/blend_1")
tracks/0/interp = 1
tracks/0/loop_wrap = true
tracks/0/keys = {
"times": PackedFloat32Array(0.1, 2.9),
"transitions": PackedFloat32Array(0.210224, 1),
"update": 0,
"values": [0.0, 1.0]
}
tracks/1/type = "value"
tracks/1/imported = false
tracks/1/enabled = true
tracks/1/path = NodePath(".:modulate")
tracks/1/interp = 1
tracks/1/loop_wrap = true
tracks/1/keys = {
"times": PackedFloat32Array(0.1),
"transitions": PackedFloat32Array(1),
"update": 0,
"values": [Color(1, 1, 1, 1)]
}
tracks/2/type = "value"
tracks/2/imported = false
tracks/2/enabled = true
tracks/2/path = NodePath("../label:modulate")
tracks/2/interp = 1
tracks/2/loop_wrap = true
tracks/2/keys = {
"times": PackedFloat32Array(1.2, 2.8),
"transitions": PackedFloat32Array(1, 1),
"update": 0,
"values": [Color(1, 1, 1, 0), Color(1, 1, 1, 1)]
}

[sub_resource type="AnimationLibrary" id="AnimationLibrary_ebuhq"]
_data = {
"fade": SubResource("Animation_egmr4"),
"logoanim": SubResource("Animation_gcjaj")
}

[sub_resource type="AudioStreamRandomizer" id="AudioStreamRandomizer_swnst"]
streams_count = 1
stream_0/stream = ExtResource("25_6nsq6")
stream_0/weight = 1.0

[node name="menu" type="Node3D"]
script = SubResource("GDScript_h14ep")

[node name="geometry" type="Node3D" parent="."]

[node name="CSGBox3D" type="CSGBox3D" parent="geometry"]
material_override = SubResource("StandardMaterial3D_n8cwh")
size = Vector3(6.93503, 0.343444, 8.97523)

[node name="CSGBox3D7" type="CSGBox3D" parent="geometry"]
transform = Transform3D(1, 0, 0, 0, 1, 0, 0, 0, 1, 0, 3.57871, 0)
material_override = SubResource("StandardMaterial3D_eemj8")
size = Vector3(6.93503, 0.343444, 8.97523)

[node name="CSGBox3D21" type="CSGBox3D" parent="geometry"]
transform = Transform3D(1, 0, 0, 0, 1, 0, 0, 0, 1, -2.30011, 3.29274, 0)
material_override = SubResource("StandardMaterial3D_6hecn")
size = Vector3(1.01183, 0.915374, 8.97523)

[node name="CSGBox3D22" type="CSGBox3D" parent="geometry"]
transform = Transform3D(1, 0, 0, 0, 1, 0, 0, 0, 1, 0.0153286, 3.29274, 0)
material_override = SubResource("StandardMaterial3D_6hecn")
size = Vector3(1.01183, 0.915374, 8.97523)

[node name="CSGBox3D23" type="CSGBox3D" parent="geometry"]
transform = Transform3D(1, 0, 0, 0, 1, 0, 0, 0, 1, 1.84647, 3.29274, 0)
material_override = SubResource("StandardMaterial3D_6hecn")
size = Vector3(1.01183, 0.915374, 8.97523)

[node name="CSGBox3D2" type="CSGBox3D" parent="geometry"]
transform = Transform3D(-4.37114e-08, -1, 0, -4.37114e-08, 1.91069e-15, -1, 1, -4.37114e-08, -4.37114e-08, 3.50112, 3.3924, -0.0556679)
material_override = SubResource("StandardMaterial3D_6d2y1")
size = Vector3(9.18847, 0.343444, 8.97523)

[node name="CSGBox3D3" type="CSGBox3D" parent="geometry"]
transform = Transform3D(-0.029637, -0.999559, -0.00186657, 0.000192749, -0.0018731, 0.999998, -0.999561, 0.0296366, 0.000248177, -3.48578, 3.39231, 0.44183)
material_override = SubResource("StandardMaterial3D_6d2y1")
size = Vector3(7.81908, 0.343444, 8.97523)

[node name="CSGBox3D4" type="CSGBox3D" parent="geometry"]
transform = Transform3D(1, -4.37114e-08, 4.37114e-08, -4.37114e-08, -4.37114e-08, 1, -4.37114e-08, -1, -4.37114e-08, -1.17986, 3.3924, -3.71327)
material_override = SubResource("StandardMaterial3D_6d2y1")
size = Vector3(9.85644, 0.343444, 8.97523)

[node name="CSGBox3D15" type="CSGBox3D" parent="geometry"]
transform = Transform3D(1, -4.37114e-08, 4.37114e-08, -4.37114e-08, -4.37114e-08, 1, -4.37114e-08, -1, -4.37114e-08, 3.08234, 1.63649, -3.24764)
material_override = SubResource("StandardMaterial3D_smpuk")
size = Vector3(1.27881, 1.08285, 4.12629)

[node name="CSGBox3D16" type="CSGBox3D" parent="geometry"]
transform = Transform3D(1, -4.37114e-08, 4.37114e-08, -4.37114e-08, -4.37114e-08, 1, -4.37114e-08, -1, -4.37114e-08, -2.79662, 1.7994, -3.24766)
material_override = SubResource("StandardMaterial3D_6d2y1")
size = Vector3(1.27881, 1.08285, 4.12629)

[node name="CSGBox3D5" type="CSGBox3D" parent="geometry"]
transform = Transform3D(-1, 4.37114e-08, 4.37114e-08, -4.37114e-08, 4.37114e-08, -1, -4.37114e-08, -1, -4.37114e-08, -0.203634, 3.39377, 3.65745)
material_override = SubResource("StandardMaterial3D_6d2y1")
size = Vector3(7.89183, 0.343444, 8.97523)

[node name="CSGBox3D6" type="CSGBox3D" parent="geometry"]
transform = Transform3D(1, 0, 0, 0, 1, 0, 0, 0, 1, -0.0508551, 0.680463, -0.578702)
material_override = SubResource("StandardMaterial3D_yei58")
size = Vector3(1.72807, 0.0399028, 0.881355)

[node name="CSGBox3D18" type="CSGBox3D" parent="geometry"]
transform = Transform3D(0.899413, -0.4371, 0, 0.432097, 0.889119, -0.150864, 0.0659427, 0.135689, 0.988555, -2.85268, 0.711728, -0.644257)
material_override = SubResource("StandardMaterial3D_i6bw5")
size = Vector3(0.172434, 1.82244, 0.503757)

[node name="CSGBox3D20" type="CSGBox3D" parent="geometry"]
transform = Transform3D(0.899413, -0.4371, 0, 0.434273, 0.893596, 0.11355, -0.0496327, -0.102128, 0.993532, -2.87652, 0.711728, 0.10809)
material_override = SubResource("StandardMaterial3D_i6bw5")
size = Vector3(0.172434, 1.82244, 0.503757)

[node name="CSGBox3D19" type="CSGBox3D" parent="geometry"]
transform = Transform3D(0.898925, 0.0236105, -0.437466, 0.437526, 0.00284481, 0.899201, 0.0224751, -0.999717, -0.00777306, -3.2275, 0.409847, -0.08408)
material_override = SubResource("StandardMaterial3D_i6bw5")
size = Vector3(0.172434, 1.54897, 0.503757)

[node name="CSGBox3D12" type="CSGBox3D" parent="geometry"]
transform = Transform3D(0.723811, 0, 0, 0, -4.37114e-08, 0.757895, 0, -1, -3.31287e-08, -0.0507103, 1.00074, -0.997042)
material_override = SubResource("StandardMaterial3D_vme1f")
size = Vector3(1.72807, 0.0399028, 0.881355)

[node name="CSGBox3D13" type="CSGBox3D" parent="geometry"]
transform = Transform3D(0.723811, 0, 0, 0, -4.37114e-08, 0.757895, 0, -1, -3.31287e-08, -0.575608, 1.31486, -0.864141)
material_override = SubResource("StandardMaterial3D_vme1f")
size = Vector3(0.18359, 0.222883, 0.0445222)

[node name="CSGBox3D14" type="CSGBox3D" parent="geometry"]
transform = Transform3D(0.723811, 0, 0, 0, -4.37114e-08, 0.757895, 0, -1, -3.31287e-08, 0.42422, 1.31419, -0.863864)
material_override = SubResource("StandardMaterial3D_vme1f")
size = Vector3(0.18359, 0.222883, 0.0445222)

[node name="CSGBox3D8" type="CSGBox3D" parent="geometry"]
transform = Transform3D(1, 0, 0, 0, 1, 0, 0, 0, 1, -0.860541, 0.283394, -0.202421)
material_override = SubResource("StandardMaterial3D_yei58")
size = Vector3(0.105206, 0.756433, 0.110838)

[node name="CSGBox3D9" type="CSGBox3D" parent="geometry"]
transform = Transform3D(1, 0, 0, 0, 1, 0, 0, 0, 1, -0.860541, 0.283394, -0.964806)
material_override = SubResource("StandardMaterial3D_yei58")
size = Vector3(0.105206, 0.756433, 0.110838)

[node name="CSGBox3D10" type="CSGBox3D" parent="geometry"]
transform = Transform3D(1, 0, 0, 0, 1, 0, 0, 0, 1, 0.75531, 0.283394, -0.202421)
material_override = SubResource("StandardMaterial3D_yei58")
size = Vector3(0.105206, 0.756433, 0.110838)

[node name="CSGBox3D11" type="CSGBox3D" parent="geometry"]
transform = Transform3D(1, 0, 0, 0, 1, 0, 0, 0, 1, 0.75531, 0.283394, -0.964806)
material_override = SubResource("StandardMaterial3D_yei58")
size = Vector3(0.105206, 0.756433, 0.110838)

[node name="HoneyBadger" parent="geometry" instance=ExtResource("1_mmc6m")]
transform = Transform3D(-0.161704, 3.25419, 0.108155, 1.99586, 0.0135096, 2.57759, 2.57254, 0.19407, -1.99298, -0.401559, 1.01847, -0.724715)

[node name="OmniLight3D" type="OmniLight3D" parent="geometry"]
transform = Transform3D(1, 0, 0, 0, 1, 0, 0, 0, 1, -0.532135, 1.26997, -0.840492)
light_energy = 0.245
shadow_enabled = true

[node name="OmniLight3D2" type="OmniLight3D" parent="geometry"]
transform = Transform3D(1, 0, 0, 0, 1, 0, 0, 0, 1, 0.366833, 1.26997, -0.840492)
light_energy = 0.245
shadow_enabled = true

[node name="Camera3D" type="Camera3D" parent="."]
transform = Transform3D(0.957986, 0.124405, 0.25843, 0.0100838, 0.885868, -0.463827, -0.286637, 0.446946, 0.847395, -0.233828, 0.861693, 0.695114)
attributes = SubResource("CameraAttributesPractical_ttsfu")
current = true
fov = 90.5
script = SubResource("GDScript_s66us")

[node name="Marker3D" type="Marker3D" parent="Camera3D"]
transform = Transform3D(0.209708, -0.275465, 0.938159, 0.459059, 0.874907, 0.154278, -0.8633, 0.398317, 0.309929, 0.174632, 0.521108, -0.60023)

[node name="FogVolume" type="FogVolume" parent="."]
transform = Transform3D(1, 0, 0, 0, 1, 0, 0, 0, 1, -0.965382, -0.192613, -1.03666)
shape = 4
material = SubResource("FogMaterial_r02gc")

[node name="FogVolume2" type="FogVolume" parent="."]
transform = Transform3D(1, 0, 0, 0, 1, 0, 0, 0, 1, -0.903685, 1.57641, -3.54362)
size = Vector3(9.21462, 4.76234, 4.26787)
material = SubResource("FogMaterial_r02gc")

[node name="playerCharacter" parent="." instance=ExtResource("1_6tkvv")]
transform = Transform3D(-0.990263, 0, 0.139208, 0, 1, 0, -0.139208, 0, -0.990263, -0.0571537, 0.955299, -0.127471)
forceAnimation = true
animationToForce = "PawnAnim/MenuIdle"
pawnEnabled = false
collisionEnabled = false

[node name="Skeleton3D" parent="playerCharacter/Mesh/MaleSkeleton" index="0"]
bones/0/position = Vector3(0.000769062, 0.814157, -0.141256)
bones/0/rotation = Quaternion(-0.245472, 0.0391885, -0.00670095, 0.968588)
bones/1/rotation = Quaternion(0.452679, -0.00243955, -0.00922124, 0.891622)
bones/2/rotation = Quaternion(0.195501, -0.0055397, -6.4399e-05, 0.980688)
bones/3/rotation = Quaternion(-0.534081, -0.388518, -0.563816, 0.495906)
bones/4/rotation = Quaternion(-0.130544, 0.235803, -0.640264, 0.719316)
bones/5/rotation = Quaternion(0.103378, 0.0129609, -0.118617, 0.987459)
bones/6/rotation = Quaternion(-0.0576777, 0.303834, -0.093496, 0.94637)
bones/7/position = Vector3(0.0661675, 0.0680545, -0.00886151)
bones/7/rotation = Quaternion(-0.083292, -0.712156, 0.159913, 0.678471)
bones/8/rotation = Quaternion(0.0474537, 0.0509316, 0.000967823, 0.997573)
bones/9/rotation = Quaternion(0.0611276, 0.369202, 0.00295762, 0.927332)
bones/10/position = Vector3(0.0300253, 0.13663, 0.0188193)
bones/10/rotation = Quaternion(-0.000990664, -0.714096, 0.0114753, 0.699953)
bones/11/rotation = Quaternion(-0.206047, 0.805129, 0.119981, 0.543062)
bones/12/rotation = Quaternion(-0.147382, -0.473127, -0.0944767, 0.863425)
bones/13/rotation = Quaternion(-0.0331268, -0.715024, 0.108502, 0.689834)
bones/14/rotation = Quaternion(0.13645, -0.921549, 0.181667, 0.314839)
bones/15/rotation = Quaternion(0.0743443, -0.253099, -0.092374, 0.960146)
bones/16/rotation = Quaternion(0.0148926, -0.720917, 0.0778871, 0.688469)
bones/17/rotation = Quaternion(-0.294481, 0.943048, -0.154233, 0.0124184)
bones/18/rotation = Quaternion(0.0220983, 0.0836048, -0.0305851, 0.995784)
bones/19/rotation = Quaternion(0.00898789, -0.722184, 0.100911, 0.684241)
bones/20/rotation = Quaternion(-0.16882, 0.907778, -0.0187896, 0.383517)
bones/21/rotation = Quaternion(0.0378241, 0.0487983, -0.0715343, 0.995525)
bones/22/position = Vector3(-0.00273869, 0.263897, 5.56045e-05)
bones/22/rotation = Quaternion(0.596679, -0.353286, -0.585837, -0.419473)
bones/23/rotation = Quaternion(-0.114046, -0.489638, 0.420609, 0.755205)
bones/24/rotation = Quaternion(0.356007, -0.0109668, 0.40786, 0.840707)
bones/24/scale = Vector3(0.999995, 1, 1)
bones/25/rotation = Quaternion(0.175382, -0.307173, -0.208665, 0.911781)
bones/26/rotation = Quaternion(-0.0730983, 0.7128, -0.124409, 0.686364)
bones/27/rotation = Quaternion(0.0232806, -0.0593168, 0.0033988, 0.997962)
bones/28/rotation = Quaternion(0.0611266, -0.369201, -0.00295949, 0.927332)
bones/29/rotation = Quaternion(-0.110104, 0.731493, -0.0591149, 0.670299)
bones/30/rotation = Quaternion(-0.214509, -0.80425, -0.12267, 0.540482)
bones/31/rotation = Quaternion(-0.599464, 0.380507, 0.289691, 0.641823)
bones/31/scale = Vector3(0.999987, 1.00001, 0.999997)
bones/32/rotation = Quaternion(-0.395467, 0.583166, -0.246129, 0.66554)
bones/32/scale = Vector3(1.00001, 0.999998, 0.99999)
bones/33/rotation = Quaternion(0.325999, 0.896259, -0.222817, 0.201983)
bones/34/rotation = Quaternion(0.422032, 0.299417, 0.429578, 0.740068)
bones/34/scale = Vector3(0.999997, 1.00001, 1.00001)
bones/35/rotation = Quaternion(-0.405384, 0.653038, -0.221667, 0.600058)
bones/35/scale = Vector3(1, 0.999994, 1.00001)
bones/36/rotation = Quaternion(0.386495, 0.900582, -0.198485, 0.0133249)
bones/37/rotation = Quaternion(0.266118, -0.0926803, 0.376302, 0.882603)
bones/38/rotation = Quaternion(-0.44174, 0.682126, -0.21065, 0.54332)
bones/38/scale = Vector3(1.00001, 0.999992, 0.999998)
bones/39/rotation = Quaternion(-0.205808, -0.89969, 0.0209074, 0.3844)
bones/40/rotation = Quaternion(-0.0413914, 0.0038635, 0.351315, 0.935334)
bones/41/rotation = Quaternion(-0.105514, -0.0165745, 0.0438012, 0.993314)
bones/42/rotation = Quaternion(-0.0820955, 0.689541, -0.0123402, 0.719473)
bones/43/rotation = Quaternion(0.890526, 0.210286, -0.0577829, 0.399255)
bones/44/rotation = Quaternion(0.575647, 0.00167053, 0.0268122, 0.817257)
bones/45/rotation = Quaternion(-0.0289115, 0.953779, -0.296268, 0.0411623)
bones/45/scale = Vector3(1.00001, 0.999989, 0.999979)
bones/46/rotation = Quaternion(0.427127, -0.0145003, -0.0222568, 0.903801)
bones/47/rotation = Quaternion(0.914117, -0.235013, 0.0509862, 0.326434)
bones/47/scale = Vector3(1, 0.99999, 0.99999)
bones/48/rotation = Quaternion(0.558354, -0.0016973, -0.0270084, 0.829161)
bones/49/rotation = Quaternion(-0.0378017, -0.914885, 0.39687, 0.0636432)
bones/50/rotation = Quaternion(0.302235, 0.0109896, 0.000367735, 0.95317)

[node name="LeftGloveFingerless" parent="playerCharacter/Mesh/MaleSkeleton/Skeleton3D/Clothing" index="0" instance=ExtResource("3_sguoq")]

[node name="RightGloveFingerless" parent="playerCharacter/Mesh/MaleSkeleton/Skeleton3D/Clothing" index="1" instance=ExtResource("4_jwagi")]

[node name="ArmoredPants" parent="playerCharacter/Mesh/MaleSkeleton/Skeleton3D/Clothing" index="2" instance=ExtResource("5_pnv0u")]

[node name="ArmorShirt" parent="playerCharacter/Mesh/MaleSkeleton/Skeleton3D/Clothing" index="3" instance=ExtResource("6_7pcxf")]

[node name="Balaclava" parent="playerCharacter/Mesh/MaleSkeleton/Skeleton3D/Clothing" index="4" instance=ExtResource("7_fu03r")]

[node name="SkeletonIK3D" type="SkeletonIK3D" parent="playerCharacter/Mesh/MaleSkeleton/Skeleton3D" index="20"]
process_priority = 1
root_bone = &"Neck"
tip_bone = &"Head"
target_node = NodePath("../../../../../Camera3D/Marker3D")
script = SubResource("GDScript_k7ds2")

[node name="SkeletonIK3D2" type="SkeletonIK3D" parent="playerCharacter/Mesh/MaleSkeleton/Skeleton3D" index="21"]
process_priority = 1
root_bone = &"R_Forearm"
tip_bone = &"R_Hand"
target_node = NodePath("../../../../../Marker3D")
script = SubResource("GDScript_k7ds2")

[node name="Marker3D" parent="playerCharacter/Mesh" index="1"]
transform = Transform3D(-1, 0, -8.9407e-08, 0, 1, 0, 8.9407e-08, 0, -1, -0.0234906, 1.86302, 0.103142)

[node name="AnimationTree" parent="playerCharacter" index="3"]
active = false
tree_root = SubResource("AnimationNodeBlendTree_i8yum")

[node name="UpperChest" parent="playerCharacter/BoneAttatchments" index="0"]
transform = Transform3D(0.995069, -0.0219821, -0.0966149, -0.0572318, 0.668451, -0.741537, 0.0808836, 0.743418, 0.663904, -0.0253498, 1.07824, -0.244269)

[node name="LeftThigh" parent="playerCharacter/BoneAttatchments" index="1"]
transform = Transform3D(0.933914, 0.353966, 0.0500333, 0.130987, -0.208587, -0.969187, -0.332639, 0.911668, -0.241173, 0.0121273, 0.767869, -0.263971)

[node name="LeftFoot" parent="playerCharacter/BoneAttatchments" index="2"]
transform = Transform3D(-0.937961, 0.236725, 0.253315, -0.00721004, -0.743771, 0.668364, 0.346656, 0.625059, 0.699318, 0.206404, 0.285782, 0.142378)

[node name="LeftKnee" parent="playerCharacter/BoneAttatchments" index="3"]
transform = Transform3D(0.950154, 0.126819, -0.284762, 0.0939832, -0.987535, -0.126221, -0.297234, 0.0931554, -0.950219, 0.155331, 0.683481, 0.104863)

[node name="RightThigh" parent="playerCharacter/BoneAttatchments" index="4"]
transform = Transform3D(0.847334, -0.527252, -0.0632828, -0.259904, -0.307827, -0.915241, 0.463096, 0.791971, -0.397871, -0.0883085, 0.771114, -0.270704)

[node name="RightFoot" parent="playerCharacter/BoneAttatchments" index="5"]
transform = Transform3D(-0.851478, -0.452785, -0.264461, 0.0967138, -0.631313, 0.769455, -0.51537, 0.629615, 0.581336, -0.390212, 0.254278, 0.0289368)

[node name="RightKnee" parent="playerCharacter/BoneAttatchments" index="6"]
transform = Transform3D(0.872425, -0.219988, 0.436383, -0.220121, -0.974124, -0.050997, 0.436319, -0.0515671, -0.898293, -0.301619, 0.646577, 0.0497039)

[node name="Stomach" parent="playerCharacter/BoneAttatchments" index="7"]
transform = Transform3D(0.996105, 0.014464, -0.0868649, -0.050516, 0.901819, -0.429105, 0.072132, 0.431826, 0.899046, -0.0283307, 0.892386, -0.333265)

[node name="Hips" parent="playerCharacter/BoneAttatchments" index="8"]
transform = Transform3D(0.997232, 0.0600719, -0.0435702, -0.03222, 0.879394, 0.474995, 0.0668491, -0.472282, 0.878904, -0.0367282, 0.769456, -0.267245)

[node name="Neck" parent="playerCharacter/BoneAttatchments" index="9"]
transform = Transform3D(0.986426, -0.0841232, -0.140949, -0.0140389, 0.812298, -0.583057, 0.163543, 0.577127, 0.800099, -0.0311509, 1.25465, -0.0480806)

[node name="leftHand" parent="playerCharacter/BoneAttatchments" index="10"]
transform = Transform3D(-0.749302, -0.341568, -0.567317, 0.215002, -0.935751, 0.279429, -0.626323, 0.0873888, 0.774621, 0.0633664, 0.745799, 0.0121424)

[node name="rightHand" parent="playerCharacter/BoneAttatchments" index="11"]
transform = Transform3D(-0.90671, 0.0405782, 0.419774, 0.300591, -0.635951, 0.710751, 0.2958, 0.770621, 0.564451, -0.156213, 0.808649, -0.0915658)

[node name="MeshInstance3D" type="MeshInstance3D" parent="playerCharacter/BoneAttatchments/rightHand" index="2"]
transform = Transform3D(-0.585706, -0.810225, 0.022015, -0.11896, 0.112799, 0.986473, -0.801747, 0.575163, -0.162451, -0.0529681, 0.118079, 0.00808746)
mesh = ExtResource("2_y054k")

[node name="SpotLight3D" type="SpotLight3D" parent="."]
transform = Transform3D(-0.671323, -0.427437, 0.605494, -0.286504, 0.903103, 0.319875, -0.68355, 0.041263, -0.728736, 1.32167, 1.91478, -1.54405)
light_energy = 2.733
shadow_enabled = true
spot_range = 6.70126

[node name="SpotLight3D3" type="SpotLight3D" parent="."]
transform = Transform3D(0.286504, -0.903103, -0.319875, 0.0457339, -0.3206, 0.94611, -0.956987, -0.285694, -0.0505507, -2.589, 2.83719, 2.35619)
light_energy = 2.733
shadow_enabled = true
spot_range = 6.70126

[node name="SpotLight3D4" type="SpotLight3D" parent="."]
transform = Transform3D(0.286504, -0.903103, -0.319875, 0.0457339, -0.3206, 0.94611, -0.956987, -0.285694, -0.0505507, -2.589, 2.83719, -2.19767)
light_energy = 2.733
shadow_enabled = true
spot_range = 6.70126

[node name="SpotLight3D5" type="SpotLight3D" parent="."]
transform = Transform3D(0.286504, -0.903103, -0.319875, 0.0457339, -0.3206, 0.94611, -0.956987, -0.285694, -0.0505507, -2.589, 2.83719, -4.22476)
light_energy = 2.733
shadow_enabled = true
spot_range = 6.70126

[node name="SpotLight3D6" type="SpotLight3D" parent="."]
transform = Transform3D(0.286504, -0.903103, -0.319875, 0.0457339, -0.3206, 0.94611, -0.956987, -0.285694, -0.0505507, 0.354979, 2.83719, 2.35619)
light_energy = 2.733
shadow_enabled = true
spot_range = 6.70126

[node name="SpotLight3D7" type="SpotLight3D" parent="."]
transform = Transform3D(0.286504, -0.903103, -0.319875, 0.0457339, -0.3206, 0.94611, -0.956987, -0.285694, -0.0505507, 0.354979, 2.83719, -2.19767)
light_energy = 2.733
shadow_enabled = true
spot_range = 6.70126

[node name="SpotLight3D8" type="SpotLight3D" parent="."]
transform = Transform3D(0.286504, -0.903103, -0.319875, 0.0457339, -0.3206, 0.94611, -0.956987, -0.285694, -0.0505507, 0.354979, 2.83719, -4.22476)
light_energy = 2.733
shadow_enabled = true
spot_range = 6.70126

[node name="SpotLight3D9" type="SpotLight3D" parent="."]
transform = Transform3D(0.286504, -0.903103, -0.319875, 0.0457339, -0.3206, 0.94611, -0.956987, -0.285694, -0.0505507, 1.61304, 2.7089, 2.35619)
light_energy = 2.733
shadow_enabled = true
spot_range = 6.70126

[node name="SpotLight3D10" type="SpotLight3D" parent="."]
transform = Transform3D(0.286504, -0.903103, -0.319875, 0.0457339, -0.3206, 0.94611, -0.956987, -0.285694, -0.0505507, 1.61304, 2.7089, -2.19767)
light_energy = 2.733
shadow_enabled = true
spot_range = 6.70126

[node name="SpotLight3D11" type="SpotLight3D" parent="."]
transform = Transform3D(0.286504, -0.903103, -0.319875, 0.0457339, -0.3206, 0.94611, -0.956987, -0.285694, -0.0505507, 1.61304, 2.7089, -4.22476)
light_energy = 2.733
shadow_enabled = true
spot_range = 6.70126

[node name="SpotLight3D2" type="SpotLight3D" parent="."]
transform = Transform3D(0.540244, 0.0441462, -0.84035, -0.394477, 0.895388, -0.206564, 0.74332, 0.443093, 0.501143, -3.48594, -0.151751, 1.86102)
light_color = Color(1, 0.647059, 0.596078, 1)
light_energy = 3.633
light_indirect_energy = 2.125
shadow_enabled = true
spot_range = 6.70126

[node name="WorldEnvironment" type="WorldEnvironment" parent="."]
environment = ExtResource("3_nx10h")
script = SubResource("GDScript_xoaof")

[node name="Menu" type="Control" parent="."]
process_mode = 3
layout_mode = 3
anchors_preset = 15
anchor_right = 1.0
anchor_bottom = 1.0
grow_horizontal = 2
grow_vertical = 2
size_flags_horizontal = 4
size_flags_vertical = 4
mouse_filter = 2
script = SubResource("GDScript_aalkd")

[node name="bottom" type="Control" parent="Menu" node_paths=PackedStringArray("target_controls")]
visible = false
layout_mode = 1
anchors_preset = 15
anchor_right = 1.0
anchor_bottom = 1.0
offset_left = -11.0
offset_top = 851.0
offset_right = 4.0
offset_bottom = 5.99988
grow_horizontal = 2
grow_vertical = 2
mouse_filter = 1
script = ExtResource("10_b7a2x")
target_controls = [NodePath("start"), NodePath("end")]
interpolate_size = true
metadata/blend_0 = 0.0
metadata/blend_1 = 1.0

[node name="ninePatchRect" type="NinePatchRect" parent="Menu/bottom"]
modulate = Color(1, 1, 1, 0.831373)
layout_mode = 1
anchors_preset = -1
anchor_left = -0.004
anchor_right = 0.999
anchor_bottom = 1.073
offset_left = 0.460001
offset_top = 1.0
offset_right = 0.614868
offset_bottom = -0.0150032
grow_vertical = 0
theme = ExtResource("10_8uso2")
texture = ExtResource("11_jchm2")
patch_margin_left = 14
patch_margin_top = 12
patch_margin_right = 13
patch_margin_bottom = 12

[node name="start" type="ReferenceRect" parent="Menu/bottom"]
visible = false
top_level = true
layout_mode = 1
anchors_preset = -1
anchor_left = -0.007
anchor_top = 0.944
anchor_right = 1.0
anchor_bottom = 1.029
offset_left = 0.200001
offset_top = 50.4
offset_right = 4.0
offset_bottom = 26.9
grow_vertical = 0
border_width = 2.0

[node name="end" type="ReferenceRect" parent="Menu/bottom"]
visible = false
top_level = true
layout_mode = 1
anchors_preset = -1
anchor_left = -0.007
anchor_top = 0.946
anchor_right = 1.003
anchor_bottom = 1.007
offset_left = 0.200001
offset_top = -0.400024
offset_right = -0.800049
offset_bottom = -0.30011
grow_vertical = 0

[node name="animationPlayer" type="AnimationPlayer" parent="Menu/bottom"]
libraries = {
"": SubResource("AnimationLibrary_163x7")
}

[node name="OptionsBut" type="Button" parent="Menu/bottom"]
layout_mode = 1
anchors_preset = -1
anchor_left = 0.819619
anchor_top = 0.055
anchor_right = 0.874
anchor_bottom = 0.836182
offset_left = 0.314941
offset_top = -0.0249968
offset_right = 36.49
offset_bottom = 18.01
scale = Vector2(0.7, 0.7)
theme = ExtResource("10_8uso2")
theme_override_fonts/font = ExtResource("8_klk30")
theme_override_font_sizes/font_size = 41
text = "Options"
metadata/_edit_use_anchors_ = true

[node name="playButton" type="Button" parent="Menu/bottom"]
layout_mode = 1
anchors_preset = -1
anchor_left = 0.763
anchor_top = 0.055
anchor_right = 0.815
anchor_bottom = 0.818
