[gd_scene load_steps=25 format=3 uid="uid://dpeqrnidy6scn"]

[ext_resource type="PackedScene" uid="uid://b4dpjminsf4mx" path="res://assets/scenes/worlds/worldBase/worldBase.tscn" id="1_ffcsn"]
[ext_resource type="Texture2D" uid="uid://bodygaior62dl" path="res://assets/textures/Developer_Textures/Light/texture_08.png" id="2_sfw5y"]
[ext_resource type="Material" uid="uid://cwfkhcnuwb76u" path="res://assets/materials/devMaterials/metal/Dark_1.tres" id="3_hoqk6"]
[ext_resource type="Material" uid="uid://cxtyb37kdvjmn" path="res://assets/materials/devMaterials/concrete/white_1.tres" id="4_gj8or"]
[ext_resource type="Material" uid="uid://2ed6xdxpeigm" path="res://assets/materials/devMaterials/dirt/dirt_1.tres" id="5_lmime"]
[ext_resource type="PackedScene" uid="uid://cmyxa8pfmhpcy" path="res://assets/components/inputComponent/inputComponent.tscn" id="7_evk2e"]
[ext_resource type="PackedScene" uid="uid://bg8aarggcxwa8" path="res://assets/entities/pawnEntity/pawnEntity.tscn" id="7_p48cf"]
[ext_resource type="PackedScene" uid="uid://nyee136gj7vd" path="res://assets/entities/clothing/longSleeve/long_sleeved_jacket.tscn" id="9_7fv4q"]
[ext_resource type="PackedScene" uid="uid://bb5qvdslt6004" path="res://assets/entities/clothing/Pants/armored_pants.tscn" id="9_f5k1i"]
[ext_resource type="PackedScene" uid="uid://d10o2e44ltrnl" path="res://assets/entities/clothing/ArmoredShirt/armor_shirt.tscn" id="10_ajj36"]
[ext_resource type="PackedScene" uid="uid://wtqya32cwdbk" path="res://assets/entities/weapons/TestWeapon/testWeapon.tscn" id="10_eo360"]
[ext_resource type="PackedScene" uid="uid://cix8a7ilvw57" path="res://assets/entities/clothing/Hats/Balaclava/balaclava.tscn" id="11_6hpvj"]
[ext_resource type="PackedScene" uid="uid://cgghffeqks1ac" path="res://assets/entities/clothing/Gloves/left_glove_fingerless.tscn" id="19_t0e24"]
[ext_resource type="PackedScene" uid="uid://bap501mpmqgb" path="res://assets/entities/clothing/Gloves/right_glove_fingerless.tscn" id="20_blqkk"]

[sub_resource type="ProceduralSkyMaterial" id="ProceduralSkyMaterial_o6uva"]
sky_top_color = Color(0, 0.595729, 0.995398, 1)
sky_horizon_color = Color(0.12549, 0.435294, 0.545098, 1)
ground_bottom_color = Color(0.141176, 0.611765, 0.909804, 1)
ground_horizon_color = Color(0.12549, 0.435294, 0.545098, 1)

[sub_resource type="Sky" id="Sky_2epwn"]
sky_material = SubResource("ProceduralSkyMaterial_o6uva")

[sub_resource type="Environment" id="Environment_lrdb6"]
background_mode = 2
background_color = Color(0.592157, 0.780392, 0.913725, 1)
sky = SubResource("Sky_2epwn")
ambient_light_source = 3
tonemap_exposure = 1.14
ssao_enabled = true
ssao_radius = 1.21
ssao_intensity = 1.25
ssao_power = 3.21532
sdfgi_enabled = true
sdfgi_energy = 0.618
glow_enabled = true
glow_intensity = 3.28
glow_bloom = 0.05
volumetric_fog_enabled = true
volumetric_fog_density = 0.0125
volumetric_fog_length = 100.66
adjustment_enabled = true
adjustment_contrast = 1.3
adjustment_saturation = 1.25

[sub_resource type="Gradient" id="Gradient_qubni"]
offsets = PackedFloat32Array(0.0143541, 0.378238, 0.585492, 1)
colors = PackedColorArray(0.976471, 0.941176, 0.721569, 1, 0.994007, 0.985018, 0.929084, 1, 1, 1, 1, 1, 0.996078, 0.972549, 0.745098, 1)

[sub_resource type="Curve" id="Curve_qcxnm"]
max_value = 5.0
_data = [Vector2(0, 0), 0.0, 0.0, 0, 0, Vector2(0.232143, 1), 0.0, 0.0, 0, 0, Vector2(0.825893, 1.05263), 0.0, 0.0, 0, 0, Vector2(1, 0), 0.0, 0.0, 0, 0]
point_count = 4

[sub_resource type="Gradient" id="Gradient_potkt"]
offsets = PackedFloat32Array(0)
colors = PackedColorArray(0.15506, 0.212525, 0.556736, 1)

[sub_resource type="Curve" id="Curve_aqdmn"]
_data = [Vector2(0, 1), 0.0, 0.0, 0, 0, Vector2(0.117188, 0.189474), 0.0, 0.0, 0, 0, Vector2(0.875, 0.189474), 0.0, 0.0, 0, 0, Vector2(1, 1), 0.0, 0.0, 0, 0]
point_count = 4

[sub_resource type="Gradient" id="Gradient_y6i33"]
offsets = PackedFloat32Array(0, 0.38342, 0.637306, 1)
colors = PackedColorArray(0.181661, 0.13485, 0.35183, 1, 0.00784314, 0.564706, 0.854902, 1, 0.00784314, 0.564706, 0.854902, 1, 0.148501, 0.102663, 0.326799, 1)

[sub_resource type="Gradient" id="Gradient_te3yj"]
offsets = PackedFloat32Array(0, 0.226804, 0.440415, 0.597938, 0.773196, 1)
colors = PackedColorArray(0.0392157, 0.0862745, 0.25098, 1, 0.823529, 0.431373, 0.45098, 1, 0.202226, 0.32419, 0.732959, 1, 0.127061, 0.217321, 0.531202, 1, 0.823529, 0.431373, 0.45098, 1, 0.0392157, 0.0862745, 0.25098, 1)

[sub_resource type="StandardMaterial3D" id="StandardMaterial3D_wxycu"]
albedo_color = Color(0.341176, 0.733333, 0, 1)
albedo_texture = ExtResource("2_sfw5y")
metallic_specular = 0.0
metallic_texture = ExtResource("2_sfw5y")
roughness = 0.0
emission_energy_multiplier = 0.18
uv1_triplanar = true
uv1_world_triplanar = true

[node name="worldBase" instance=ExtResource("1_ffcsn")]

[node name="DirectionalLight3D" parent="Environment" index="0"]
transform = Transform3D(0.507283, 0, -0.86178, 0.750868, 0.490752, 0.441995, 0.42292, -0.871299, 0.24895, 0, 0, 0)

[node name="WorldEnvironment" parent="Environment" index="1"]
environment = SubResource("Environment_lrdb6")

[node name="dayNightCycle" parent="Environment" index="2" node_paths=PackedStringArray("environment")]
transform = Transform3D(0.611057, 0, -0.791586, 0, 1, 0, 0.791586, 0, 0.611057, 0, 0, 0)
dayLength = 1024.0
startTime = 0.35
sunColor = SubResource("Gradient_qubni")
sunIntensity = SubResource("Curve_qcxnm")
moonColor = SubResource("Gradient_potkt")
moonIntensity = SubResource("Curve_aqdmn")
environment = NodePath("../WorldEnvironment")
skyTopColor = SubResource("Gradient_y6i33")
skyHorizonColor = SubResource("Gradient_te3yj")

[node name="Floor" type="CSGBox3D" parent="Geometry" index="0"]
material_override = ExtResource("3_hoqk6")
use_collision = true
size = Vector3(3311.39, 1, 4446.3)
material = SubResource("StandardMaterial3D_wxycu")

[node name="gpuParticlesCollisionBox3d" type="GPUParticlesCollisionBox3D" parent="Geometry/Floor" index="0"]
size = Vector3(3311.39, 2, 4446.3)

[node name="CSGBox3D" type="CSGBox3D" parent="Geometry" index="1"]
transform = Transform3D(1, 0, 0, 0, 1, 0, 0, 0, 1, 0.134587, 0.978026, 32.3928)
material_override = ExtResource("3_hoqk6")
use_collision = true
size = Vector3(1, 4.66425, 1)

[node name="CSGBox3D2" type="CSGBox3D" parent="Geometry" index="2"]
transform = Transform3D(1, 0, 0, 0, 1, 0, 0, 0, 1, 3.22616, 0.978026, 32.3928)
material_override = ExtResource("3_hoqk6")
use_collision = true
size = Vector3(1, 4.66425, 1)

[node name="CSGBox3D3" type="CSGBox3D" parent="Geometry" index="3"]
transform = Transform3D(1, 0, 0, 0, 1, 0, 0, 0, 1, 5.61331, -0.748979, 32.3928)
material_override = ExtResource("3_hoqk6")
use_collision = true
size = Vector3(1, 4.66425, 1)

[node name="CSGBox3D4" type="CSGBox3D" parent="Geometry" index="4"]
transform = Transform3D(1, 0, 0, 0, 1, 0, 0, 0, 1, -2.39579, 0.978026, 38.3729)
material_override = ExtResource("4_gj8or")
use_collision = true
size = Vector3(1, 4.66425, 1)

[node name="CSGBox3D7" type="CSGBox3D" parent="Geometry" index="5"]
transform = Transform3D(1, 0, 0, 0, 1, 0, 0, 0, 1, -4.59542, -0.564469, 38.3729)
material_override = ExtResource("4_gj8or")
transparency = 0.61
use_collision = true
size = Vector3(1, 4.66425, 1)

[node name="CSGBox3D8" type="CSGBox3D" parent="Geometry" index="6"]
transform = Transform3D(1, 0, 0, 0, 1, 0, 0, 0, 1, -8.64644, 2.27105, 38.3729)
material_override = ExtResource("4_gj8or")
transparency = 0.61
use_collision = true
size = Vector3(1, 4.66425, 1)

[node name="CSGBox3D5" type="CSGBox3D" parent="Geometry" index="7"]
transform = Transform3D(1, 0, 0, 0, 1, 0, 0, 0, 1, 0.695786, 0.978026, 38.3729)
material_override = ExtResource("5_lmime")
use_collision = true
size = Vector3(1, 4.66425, 1)

[node name="CSGBox3D6" type="CSGBox3D" parent="Geometry" index="8"]
transform = Transform3D(1, 0, 0, 0, 0.976281, -0.216508, 0, 0.216508, 0.976281, 2.81745, -0.755724, 37.6593)
material_override = ExtResource("5_lmime")
use_collision = true
size = Vector3(1, 4.66425, 1)

[node name="playerEntity" parent="Pawns/Players" index="0" node_paths=PackedStringArray("inputComponent") instance=ExtResource("7_p48cf")]
transform = Transform3D(1, 0, 0, 0, 1, 0, 0, 0, 1, 0, 1.69885, 34.1192)
inputComponent = NodePath("Components/inputComponent")

[node name="Skeleton3D" parent="Pawns/Players/playerEntity/Mesh/MaleSkeleton" index="0"]
bones/0/position = Vector3(0.0304282, 0.877044, -0.0879896)
bones/0/rotation = Quaternion(-0.125768, -0.0697668, -0.00524314, 0.98959)
bones/1/rotation = Quaternion(0.179726, 0.0132845, 0.0128258, 0.983543)
bones/2/rotation = Quaternion(-0.0361594, 0.00962697, -0.0111608, 0.999237)
bones/3/rotation = Quaternion(0.559999, 0.338063, 0.563859, -0.50416)
bones/4/rotation = Quaternion(-0.455123, 0.311653, -0.343439, 0.760122)
bones/5/rotation = Quaternion(0.0730748, 0.01307, -0.0836597, 0.993726)
bones/6/rotation = Quaternion(-0.021942, -0.243553, -0.0104356, 0.969583)
bones/7/rotation = Quaternion(-0.0937307, -0.708516, 0.142583, 0.684755)
bones/8/rotation = Quaternion(0.0234062, 0.0591782, -0.003511, 0.997967)
bones/9/rotation = Quaternion(0.0612749, 0.369342, 0.00318291, 0.927266)
bones/10/rotation = Quaternion(-0.00121891, -0.71411, 0.0116652, 0.699935)
bones/11/rotation = Quaternion(-0.15548, 0.818544, 0.117654, 0.540342)
bones/12/rotation = Quaternion(0.00716069, -0.465102, -0.0288445, 0.884758)
bones/13/rotation = Quaternion(-0.0188871, -0.713089, 0.104182, 0.693032)
bones/14/rotation = Quaternion(-0.0973037, 0.929729, -0.136923, -0.327702)
bones/15/rotation = Quaternion(0.0745196, -0.25319, -0.092567, 0.96009)
bones/16/rotation = Quaternion(0.0370548, -0.710128, 0.0754828, 0.699034)
bones/17/rotation = Quaternion(-0.282698, 0.949415, -0.13625, -0.0113852)
bones/18/rotation = Quaternion(0.0220556, 0.0836154, -0.0307643, 0.995779)
bones/19/rotation = Quaternion(0.0220536, -0.715494, 0.0761482, 0.694106)
bones/20/rotation = Quaternion(-0.169089, 0.907804, -0.0185462, 0.38335)
bones/21/rotation = Quaternion(0.0375568, 0.0487891, -0.071687, 0.995525)
bones/22/rotation = Quaternion(0.563685, -0.322449, -0.554052, -0.520877)
bones/23/rotation = Quaternion(-0.507912, -0.329471, 0.252159, 0.754911)
bones/24/rotation = Quaternion(0.131294, -0.0128869, 0.15033, 0.979794)
bones/25/rotation = Quaternion(0.018439, 0.197347, -0.0495926, 0.978905)
bones/26/rotation = Quaternion(-0.0731223, 0.712785, -0.124436, 0.686372)
bones/27/rotation = Quaternion(0.0232378, -0.0592704, 0.00340042, 0.997966)
bones/28/rotation = Quaternion(0.0611483, -0.369237, -0.00297344, 0.927317)
bones/29/rotation = Quaternion(0.0200837, 0.714475, 0.00661805, 0.699342)
bones/30/rotation = Quaternion(-0.155423, -0.818569, -0.117416, 0.540372)
bones/31/rotation = Quaternion(0.00740121, 0.465131, 0.02908, 0.884733)
bones/32/rotation = Quaternion(0.00224257, 0.71617, -0.0860495, 0.692597)
bones/33/rotation = Quaternion(0.0970588, 0.929771, -0.136794, 0.327708)
bones/34/rotation = Quaternion(0.0743437, 0.253105, 0.0923524, 0.960147)
bones/35/rotation = Quaternion(0.0582382, 0.712186, -0.0572832, 0.697221)
bones/36/rotation = Quaternion(0.28234, 0.949488, -0.136485, 0.0113265)
bones/37/rotation = Quaternion(0.0221003, -0.0836271, 0.0305936, 0.995782)
bones/38/rotation = Quaternion(0.0431611, 0.717611, -0.0576951, 0.692707)
bones/39/rotation = Quaternion(0.168818, 0.907772, -0.0188109, -0.383532)
bones/40/rotation = Quaternion(0.0377891, -0.0488051, 0.0715369, 0.995526)
bones/41/rotation = Quaternion(0.0307191, 0.00106838, -0.00321972, 0.999522)
bones/42/rotation = Quaternion(0.00586694, 0.708732, 0.056273, 0.703206)
bones/43/rotation = Quaternion(0.989758, 0.0794275, -0.0688624, -0.0965837)
bones/44/rotation = Quaternion(0.201678, 0.00205609, 0.0283782, 0.979039)
bones/45/rotation = Quaternion(0.0383752, 0.866167, -0.49388, 0.0660674)
bones/46/rotation = Quaternion(0.426939, -0.0145308, -0.0222797, 0.903889)
bones/47/rotation = Quaternion(0.99461, -0.0911345, 0.0147895, 0.0471989)
bones/48/rotation = Quaternion(0.172124, -0.00206997, -0.0283051, 0.984666)
bones/49/rotation = Quaternion(-0.0158818, 0.898721, -0.430937, -0.079635)
bones/50/rotation = Quaternion(0.302192, 0.0110168, 0.000402745, 0.953183)

[node name="LeftGloveFingerless" parent="Pawns/Players/playerEntity/Mesh/MaleSkeleton/Skeleton3D/Clothing" index="0" instance=ExtResource("19_t0e24")]

[node name="RightGloveFingerless" parent="Pawns/Players/playerEntity/Mesh/MaleSkeleton/Skeleton3D/Clothing" index="1" instance=ExtResource("20_blqkk")]

[node name="ArmoredPants" parent="Pawns/Players/playerEntity/Mesh/MaleSkeleton/Skeleton3D/Clothing" index="2" instance=ExtResource("9_f5k1i")]

[node name="ArmorShirt" parent="Pawns/Players/playerEntity/Mesh/MaleSkeleton/Skeleton3D/Clothing" index="3" instance=ExtResource("10_ajj36")]

[node name="Balaclava" parent="Pawns/Players/playerEntity/Mesh/MaleSkeleton/Skeleton3D/Clothing" index="4" instance=ExtResource("11_6hpvj")]

[node name="inputComponent" parent="Pawns/Players/playerEntity/Components" index="2" instance=ExtResource("7_evk2e")]

[node name="AnimationTree" parent="Pawns/Players/playerEntity" index="2"]
parameters/weaponBlend/blend_amount = 0

[node name="UpperChest" parent="Pawns/Players/playerEntity/BoneAttatchments" index="0"]
transform = Transform3D(-0.995831, 0.0131752, 0.0901518, 0.00997745, 0.999298, -0.0358371, -0.0905616, -0.0347886, -0.995273, -0.0255653, 1.91603, 34.2204)

[node name="Stomach" parent="Pawns/Players/playerEntity/BoneAttatchments" index="1"]
transform = Transform3D(-0.993306, 0.0425375, 0.107299, 0.0308477, 0.993615, -0.108347, -0.111225, -0.104313, -0.988285, -0.0343319, 1.71125, 34.2419)

[node name="Hips" parent="Pawns/Players/playerEntity/BoneAttatchments" index="2"]
transform = Transform3D(-0.9902, -0.0279258, 0.136761, 0.00717165, 0.968306, 0.249648, -0.139398, 0.248185, -0.958626, -0.0304282, 1.57589, 34.2072)

[node name="Neck" parent="Pawns/Players/playerEntity/BoneAttatchments" index="3"]
transform = Transform3D(-0.996102, 0.0122107, 0.0872424, 0.0036946, 0.995256, -0.0971228, -0.0880154, -0.0964229, -0.991432, -0.0220883, 2.17974, 34.2112)

[node name="leftHand" parent="Pawns/Players/playerEntity/BoneAttatchments" index="4"]
transform = Transform3D(0.45411, -0.0135505, -0.890829, 0.185027, -0.976636, 0.109171, -0.87149, -0.214396, -0.440996, -0.20175, 1.64762, 34.1655)

[node name="rightHand" parent="Pawns/Players/playerEntity/BoneAttatchments" index="5"]
transform = Transform3D(0.23248, 0.160296, 0.959301, -0.0596331, -0.982093, 0.178557, 0.97076, -0.0986907, -0.218759, 0.143207, 1.64984, 34.2691)

[node name="TestWeapon" parent="Pawns/Players/playerEntity/BoneAttatchments/rightHand/Weapons" index="0" instance=ExtResource("10_eo360")]

[node name="pawnEntity" parent="Pawns" index="1" instance=ExtResource("7_p48cf")]
transform = Transform3D(1, 0, 0, 0, 1, 0, 0, 0, 1, 0.824409, 1.83894, 37.276)

[node name="Skeleton3D" parent="Pawns/pawnEntity/Mesh/MaleSkeleton" index="0"]
bones/0/position = Vector3(0.0304292, 0.877044, -0.0879759)
bones/0/rotation = Quaternion(-0.125765, -0.069764, -0.00527714, 0.98959)
bones/1/rotation = Quaternion(0.179236, 0.0133028, 0.0127691, 0.983633)
bones/2/rotation = Quaternion(-0.0350773, 0.00961461, -0.0111005, 0.999277)
bones/3/rotation = Quaternion(0.560284, 0.33827, 0.563668, -0.503918)
bones/4/rotation = Quaternion(-0.455195, 0.311612, -0.343242, 0.760184)
bones/5/rotation = Quaternion(0.0732676, 0.0130696, -0.0838804, 0.993693)
bones/6/rotation = Quaternion(-0.0222218, -0.243554, -0.00999698, 0.969581)
bones/7/rotation = Quaternion(-0.0937307, -0.708516, 0.142583, 0.684755)
bones/8/rotation = Quaternion(0.0234062, 0.0591782, -0.003511, 0.997967)
bones/9/rotation = Quaternion(0.0612749, 0.369342, 0.00318291, 0.927266)
bones/10/rotation = Quaternion(-0.00121891, -0.71411, 0.0116652, 0.699935)
bones/11/rotation = Quaternion(-0.15548, 0.818544, 0.117654, 0.540342)
bones/12/rotation = Quaternion(0.00716069, -0.465102, -0.0288445, 0.884758)
bones/13/rotation = Quaternion(-0.0188871, -0.713089, 0.104182, 0.693032)
bones/14/rotation = Quaternion(-0.0973037, 0.929729, -0.136923, -0.327702)
bones/15/rotation = Quaternion(0.0745196, -0.25319, -0.092567, 0.96009)
bones/16/rotation = Quaternion(0.0370548, -0.710128, 0.0754828, 0.699034)
bones/17/rotation = Quaternion(-0.282698, 0.949415, -0.13625, -0.0113852)
bones/18/rotation = Quaternion(0.0220556, 0.0836154, -0.0307643, 0.995779)
bones/19/rotation = Quaternion(0.0220536, -0.715494, 0.0761482, 0.694106)
bones/20/rotation = Quaternion(-0.169089, 0.907804, -0.0185462, 0.38335)
bones/21/rotation = Quaternion(0.0375568, 0.0487891, -0.071687, 0.995525)
bones/22/rotation = Quaternion(0.563961, -0.322579, -0.553843, -0.520719)
bones/23/rotation = Quaternion(-0.508199, -0.328663, 0.252036, 0.755111)
bones/24/rotation = Quaternion(0.131039, -0.0128879, 0.150038, 0.979873)
bones/25/rotation = Quaternion(0.0194209, 0.198319, -0.0490327, 0.978718)
bones/26/rotation = Quaternion(-0.0731223, 0.712785, -0.124436, 0.686372)
bones/27/rotation = Quaternion(0.0232378, -0.0592704, 0.00340042, 0.997966)
bones/28/rotation = Quaternion(0.0611483, -0.369237, -0.00297344, 0.927317)
bones/29/rotation = Quaternion(0.0200837, 0.714475, 0.00661805, 0.699342)
bones/30/rotation = Quaternion(-0.155423, -0.818569, -0.117416, 0.540372)
bones/31/rotation = Quaternion(0.00740121, 0.465131, 0.02908, 0.884733)
bones/32/rotation = Quaternion(0.00224257, 0.71617, -0.0860495, 0.692597)
bones/33/rotation = Quaternion(0.0970588, 0.929771, -0.136794, 0.327708)
bones/34/rotation = Quaternion(0.0743437, 0.253105, 0.0923524, 0.960147)
bones/35/rotation = Quaternion(0.0582382, 0.712186, -0.0572832, 0.697221)
bones/36/rotation = Quaternion(0.28234, 0.949488, -0.136485, 0.0113265)
bones/37/rotation = Quaternion(0.0221003, -0.0836271, 0.0305936, 0.995782)
bones/38/rotation = Quaternion(0.0431611, 0.717611, -0.0576951, 0.692707)
bones/39/rotation = Quaternion(0.168818, 0.907772, -0.0188109, -0.383532)
bones/40/rotation = Quaternion(0.0377891, -0.0488051, 0.0715369, 0.995526)
bones/41/rotation = Quaternion(0.0302944, 0.00102252, -0.00309379, 0.999536)
bones/42/rotation = Quaternion(0.0058931, 0.708762, 0.0561544, 0.703185)
bones/43/rotation = Quaternion(0.98973, 0.0794929, -0.0688458, -0.0968255)
bones/44/rotation = Quaternion(0.20145, 0.0020562, 0.0283777, 0.979085)
bones/45/rotation = Quaternion(0.0382987, 0.866224, -0.493785, 0.0660794)
bones/46/rotation = Quaternion(0.426939, -0.0145308, -0.0222797, 0.903889)
bones/47/rotation = Quaternion(0.994621, -0.0910776, 0.0148554, 0.0470466)
bones/48/rotation = Quaternion(0.172098, -0.00206999, -0.0283051, 0.984671)
bones/49/rotation = Quaternion(-0.0158503, 0.898727, -0.430924, -0.0796492)
bones/50/rotation = Quaternion(0.302192, 0.0110168, 0.000402745, 0.953183)

[node name="Balaclava" parent="Pawns/pawnEntity/Mesh/MaleSkeleton/Skeleton3D/Clothing" index="0" instance=ExtResource("11_6hpvj")]

[node name="UpperChest" parent="Pawns/pawnEntity/BoneAttatchments" index="0"]
transform = Transform3D(-0.995832, 0.0132037, 0.0901337, 0.00989959, 0.999256, -0.0370145, -0.0905562, -0.0359684, -0.995232, 0.79877, 2.05614, 37.3774)

[node name="Stomach" parent="Pawns/pawnEntity/BoneAttatchments" index="1"]
transform = Transform3D(-0.993316, 0.0422315, 0.107326, 0.0306495, 0.993728, -0.107363, -0.111189, -0.103357, -0.98839, 0.790067, 1.85134, 37.3987)

[node name="Hips" parent="Pawns/pawnEntity/BoneAttatchments" index="2"]
transform = Transform3D(-0.9902, -0.027992, 0.136747, 0.00710324, 0.968307, 0.249647, -0.139401, 0.248174, -0.958629, 0.79398, 1.71598, 37.364)

[node name="Neck" parent="Pawns/pawnEntity/BoneAttatchments" index="3"]
transform = Transform3D(-0.996093, 0.0124166, 0.0873194, 0.00386378, 0.995223, -0.0974501, -0.0881132, -0.096733, -0.991393, 0.802255, 2.31985, 37.3679)

[node name="leftHand" parent="Pawns/pawnEntity/BoneAttatchments" index="4"]
transform = Transform3D(0.453644, -0.0137047, -0.891064, 0.184177, -0.97684, 0.108785, -0.871913, -0.213456, -0.440617, 0.622591, 1.78772, 37.3223)

[node name="rightHand" parent="Pawns/pawnEntity/BoneAttatchments" index="5"]
transform = Transform3D(0.228784, 0.161728, 0.959949, -0.0609169, -0.981766, 0.179923, 0.971558, -0.0996145, -0.214762, 0.967548, 1.78993, 37.4259)

[node name="pawnEntity2" parent="Pawns" index="2" node_paths=PackedStringArray("velocityComponent", "healthComponent", "rootCameraNode", "followNode") instance=ExtResource("7_p48cf")]
transform = Transform3D(1, 0, 0, 0, 1, 0, 0, 0, 1, 2.82441, 1.83894, 37.276)
velocityComponent = NodePath("../pawnEntity/Components/VelocityComponent")
healthComponent = NodePath("../pawnEntity/Components/HealthComponent")
rootCameraNode = NodePath("../pawnEntity/Mesh")
followNode = NodePath("../pawnEntity/BoneAttatchments/Stomach")

[node name="Skeleton3D" parent="Pawns/pawnEntity2/Mesh/MaleSkeleton" index="0"]
bones/0/position = Vector3(0.0304283, 0.877044, -0.0879885)
bones/0/rotation = Quaternion(-0.125768, -0.0697665, -0.00524585, 0.98959)
bones/1/rotation = Quaternion(0.179687, 0.013286, 0.0128213, 0.983551)
bones/2/rotation = Quaternion(-0.0360731, 0.00962599, -0.011156, 0.999241)
bones/3/rotation = Quaternion(0.560021, 0.33808, 0.563844, -0.504141)
bones/4/rotation = Quaternion(-0.455128, 0.311651, -0.343424, 0.760126)
bones/5/rotation = Quaternion(0.0730902, 0.0130699, -0.0836772, 0.993723)
bones/6/rotation = Quaternion(-0.0219643, -0.243553, -0.0104007, 0.969583)
bones/7/rotation = Quaternion(-0.0937307, -0.708516, 0.142583, 0.684755)
bones/8/rotation = Quaternion(0.0234062, 0.0591782, -0.003511, 0.997967)
bones/9/rotation = Quaternion(0.0612749, 0.369342, 0.00318291, 0.927266)
bones/10/rotation = Quaternion(-0.00121891, -0.71411, 0.0116652, 0.699935)
bones/11/rotation = Quaternion(-0.15548, 0.818544, 0.117654, 0.540342)
bones/12/rotation = Quaternion(0.00716069, -0.465102, -0.0288445, 0.884758)
bones/13/rotation = Quaternion(-0.0188871, -0.713089, 0.104182, 0.693032)
bones/14/rotation = Quaternion(-0.0973037, 0.929729, -0.136923, -0.327702)
bones/15/rotation = Quaternion(0.0745196, -0.25319, -0.092567, 0.96009)
bones/16/rotation = Quaternion(0.0370548, -0.710128, 0.0754828, 0.699034)
bones/17/rotation = Quaternion(-0.282698, 0.949415, -0.13625, -0.0113852)
bones/18/rotation = Quaternion(0.0220556, 0.0836154, -0.0307643, 0.995779)
bones/19/rotation = Quaternion(0.0220536, -0.715494, 0.0761482, 0.694106)
bones/20/rotation = Quaternion(-0.169089, 0.907804, -0.0185462, 0.38335)
bones/21/rotation = Quaternion(0.0375568, 0.0487891, -0.071687, 0.995525)
bones/22/rotation = Quaternion(0.563707, -0.32246, -0.554035, -0.520863)
bones/23/rotation = Quaternion(-0.507934, -0.329407, 0.252149, 0.754927)
bones/24/rotation = Quaternion(0.131274, -0.012887, 0.150307, 0.9798)
bones/25/rotation = Quaternion(0.0185173, 0.197424, -0.049548, 0.97889)
bones/26/rotation = Quaternion(-0.0731223, 0.712785, -0.124436, 0.686372)
bones/27/rotation = Quaternion(0.0232378, -0.0592704, 0.00340042, 0.997966)
bones/28/rotation = Quaternion(0.0611483, -0.369237, -0.00297344, 0.927317)
bones/29/rotation = Quaternion(0.0200837, 0.714475, 0.00661805, 0.699342)
bones/30/rotation = Quaternion(-0.155423, -0.818569, -0.117416, 0.540372)
bones/31/rotation = Quaternion(0.00740121, 0.465131, 0.02908, 0.884733)
bones/32/rotation = Quaternion(0.00224257, 0.71617, -0.0860495, 0.692597)
bones/33/rotation = Quaternion(0.0970588, 0.929771, -0.136794, 0.327708)
bones/34/rotation = Quaternion(0.0743437, 0.253105, 0.0923524, 0.960147)
bones/35/rotation = Quaternion(0.0582382, 0.712186, -0.0572832, 0.697221)
bones/36/rotation = Quaternion(0.28234, 0.949488, -0.136485, 0.0113265)
bones/37/rotation = Quaternion(0.0221003, -0.0836271, 0.0305936, 0.995782)
bones/38/rotation = Quaternion(0.0431611, 0.717611, -0.0576951, 0.692707)
bones/39/rotation = Quaternion(0.168818, 0.907772, -0.0188109, -0.383532)
bones/40/rotation = Quaternion(0.0377891, -0.0488051, 0.0715369, 0.995526)
bones/41/rotation = Quaternion(0.0306853, 0.00106472, -0.00320967, 0.999523)
bones/42/rotation = Quaternion(0.00586666, 0.708733, 0.0562658, 0.703205)
bones/43/rotation = Quaternion(0.989756, 0.0794327, -0.068861, -0.0966029)
bones/44/rotation = Quaternion(0.201659, 0.0020561, 0.0283782, 0.979043)
bones/45/rotation = Quaternion(0.0383691, 0.866171, -0.493873, 0.0660683)
bones/46/rotation = Quaternion(0.426939, -0.0145308, -0.0222797, 0.903889)
bones/47/rotation = Quaternion(0.99461, -0.0911299, 0.0147948, 0.0471867)
bones/48/rotation = Quaternion(0.172122, -0.00206998, -0.0283051, 0.984667)
bones/49/rotation = Quaternion(-0.0158793, 0.898721, -0.430936, -0.0796362)
bones/50/rotation = Quaternion(0.302192, 0.0110168, 0.000402745, 0.953183)

[node name="ArmoredPants" parent="Pawns/pawnEntity2/Mesh/MaleSkeleton/Skeleton3D/Clothing" index="0" instance=ExtResource("9_f5k1i")]

[node name="UpperChest" parent="Pawns/pawnEntity2/BoneAttatchments" index="0"]
transform = Transform3D(-0.995831, 0.0131775, 0.0901504, 0.00997125, 0.999295, -0.0359309, -0.0905612, -0.0348828, -0.99527, 2.79884, 2.05612, 37.3772)

[node name="Stomach" parent="Pawns/pawnEntity2/BoneAttatchments" index="1"]
transform = Transform3D(-0.993307, 0.0425131, 0.107301, 0.0308319, 0.993624, -0.108269, -0.111223, -0.104237, -0.988294, 2.79008, 1.85134, 37.3987)

[node name="Hips" parent="Pawns/pawnEntity2/BoneAttatchments" index="2"]
transform = Transform3D(-0.9902, -0.0279311, 0.13676, 0.0071662, 0.968306, 0.249648, -0.139399, 0.248184, -0.958626, 2.79398, 1.71598, 37.364)

[node name="Neck" parent="Pawns/pawnEntity2/BoneAttatchments" index="3"]
transform = Transform3D(-0.996101, 0.0122271, 0.0872486, 0.00370811, 0.995253, -0.0971488, -0.0880231, -0.0964476, -0.991428, 2.80232, 2.31984, 37.368)

[node name="leftHand" parent="Pawns/pawnEntity2/BoneAttatchments" index="4"]
transform = Transform3D(0.454076, -0.0135625, -0.890846, 0.184959, -0.976652, 0.109141, -0.871523, -0.214321, -0.440969, 2.62265, 1.78771, 37.3223)

[node name="rightHand" parent="Pawns/pawnEntity2/BoneAttatchments" index="5"]
transform = Transform3D(0.232188, 0.160409, 0.959353, -0.0597374, -0.982067, 0.178666, 0.970824, -0.098767, -0.218443, 2.96761, 1.78993, 37.4259)

[node name="pawnEntity3" parent="Pawns" index="3" node_paths=PackedStringArray("velocityComponent", "healthComponent", "rootCameraNode", "followNode") instance=ExtResource("7_p48cf")]
transform = Transform3D(1, 0, 0, 0, 1, 0, 0, 0, 1, -2.32076, 1.83894, 37.276)
velocityComponent = NodePath("../pawnEntity/Components/VelocityComponent")
healthComponent = NodePath("../pawnEntity/Components/HealthComponent")
rootCameraNode = NodePath("../pawnEntity/Mesh")
followNode = NodePath("../pawnEntity/BoneAttatchments/Stomach")

[node name="Skeleton3D" parent="Pawns/pawnEntity3/Mesh/MaleSkeleton" index="0"]
bones/0/position = Vector3(0.0304254, 0.877043, -0.0880279)
bones/0/rotation = Quaternion(-0.125776, -0.0697746, -0.00514755, 0.989588)
bones/1/rotation = Quaternion(0.181127, 0.0132442, 0.0129536, 0.983285)
bones/2/rotation = Quaternion(-0.0392494, 0.00965845, -0.0113026, 0.999119)
bones/3/rotation = Quaternion(0.559179, 0.337451, 0.564411, -0.504863)
bones/4/rotation = Quaternion(-0.454942, 0.311729, -0.343968, 0.75996)
bones/5/rotation = Quaternion(0.0725821, 0.013071, -0.0830956, 0.993809)
bones/6/rotation = Quaternion(-0.02115, -0.243557, -0.0116614, 0.969586)
bones/7/rotation = Quaternion(-0.0937307, -0.708516, 0.142583, 0.684755)
bones/8/rotation = Quaternion(0.0234062, 0.0591782, -0.003511, 0.997967)
bones/9/rotation = Quaternion(0.0612749, 0.369342, 0.00318291, 0.927266)
bones/10/rotation = Quaternion(-0.00121891, -0.71411, 0.0116652, 0.699935)
bones/11/rotation = Quaternion(-0.15548, 0.818544, 0.117654, 0.540342)
bones/12/rotation = Quaternion(0.00716069, -0.465102, -0.0288445, 0.884758)
bones/13/rotation = Quaternion(-0.0188871, -0.713089, 0.104182, 0.693032)
bones/14/rotation = Quaternion(-0.0973037, 0.929729, -0.136923, -0.327702)
bones/15/rotation = Quaternion(0.0745196, -0.25319, -0.092567, 0.96009)
bones/16/rotation = Quaternion(0.0370548, -0.710128, 0.0754828, 0.699034)
bones/17/rotation = Quaternion(-0.282698, 0.949415, -0.13625, -0.0113852)
bones/18/rotation = Quaternion(0.0220556, 0.0836154, -0.0307643, 0.995779)
bones/19/rotation = Quaternion(0.0220536, -0.715494, 0.0761482, 0.694106)
bones/20/rotation = Quaternion(-0.169089, 0.907804, -0.0185462, 0.38335)
bones/21/rotation = Quaternion(0.0375568, 0.0487891, -0.071687, 0.995525)
bones/22/rotation = Quaternion(0.562884, -0.322054, -0.554638, -0.521362)
bones/23/rotation = Quaternion(-0.507124, -0.33166, 0.252509, 0.754364)
bones/24/rotation = Quaternion(0.132001, -0.0128844, 0.15114, 0.979575)
bones/25/rotation = Quaternion(0.0156935, 0.194647, -0.051168, 0.979412)
bones/26/rotation = Quaternion(-0.0731223, 0.712785, -0.124436, 0.686372)
bones/27/rotation = Quaternion(0.0232378, -0.0592704, 0.00340042, 0.997966)
bones/28/rotation = Quaternion(0.0611483, -0.369237, -0.00297344, 0.927317)
bones/29/rotation = Quaternion(0.0200837, 0.714475, 0.00661805, 0.699342)
bones/30/rotation = Quaternion(-0.155423, -0.818569, -0.117416, 0.540372)
bones/31/rotation = Quaternion(0.00740121, 0.465131, 0.02908, 0.884733)
bones/32/rotation = Quaternion(0.00224257, 0.71617, -0.0860495, 0.692597)
bones/33/rotation = Quaternion(0.0970588, 0.929771, -0.136794, 0.327708)
bones/34/rotation = Quaternion(0.0743437, 0.253105, 0.0923524, 0.960147)
bones/35/rotation = Quaternion(0.0582382, 0.712186, -0.0572832, 0.697221)
bones/36/rotation = Quaternion(0.28234, 0.949488, -0.136485, 0.0113265)
bones/37/rotation = Quaternion(0.0221003, -0.0836271, 0.0305936, 0.995782)
bones/38/rotation = Quaternion(0.0431611, 0.717611, -0.0576951, 0.692707)
bones/39/rotation = Quaternion(0.168818, 0.907772, -0.0188109, -0.383532)
bones/40/rotation = Quaternion(0.0377891, -0.0488051, 0.0715369, 0.995526)
bones/41/rotation = Quaternion(0.0319433, 0.0011836, -0.00353793, 0.999483)
bones/42/rotation = Quaternion(0.00587721, 0.708671, 0.0565264, 0.703246)
bones/43/rotation = Quaternion(0.989836, 0.0792436, -0.0689089, -0.0959037)
bones/44/rotation = Quaternion(0.202344, 0.00205574, 0.0283796, 0.978901)
bones/45/rotation = Quaternion(0.0385902, 0.866006, -0.49415, 0.0660335)
bones/46/rotation = Quaternion(0.426939, -0.0145308, -0.0222797, 0.903889)
bones/47/rotation = Quaternion(0.994577, -0.0912942, 0.0146043, 0.0476268)
bones/48/rotation = Quaternion(0.172195, -0.00206995, -0.0283053, 0.984654)
bones/49/rotation = Quaternion(-0.0159705, 0.898705, -0.430974, -0.0795952)
bones/50/rotation = Quaternion(0.302192, 0.0110168, 0.000402745, 0.953183)

[node name="longSleevedJacket" parent="Pawns/pawnEntity3/Mesh/MaleSkeleton/Skeleton3D/Clothing" index="0" instance=ExtResource("9_7fv4q")]

[node name="LeftGloveFingerless" parent="Pawns/pawnEntity3/Mesh/MaleSkeleton/Skeleton3D/Clothing" index="1" instance=ExtResource("19_t0e24")]

[node name="RightGloveFingerless" parent="Pawns/pawnEntity3/Mesh/MaleSkeleton/Skeleton3D/Clothing" index="2" instance=ExtResource("20_blqkk")]

[node name="ArmoredPants" parent="Pawns/pawnEntity3/Mesh/MaleSkeleton/Skeleton3D/Clothing" index="3" instance=ExtResource("9_f5k1i")]

[node name="UpperChest" parent="Pawns/pawnEntity3/BoneAttatchments" index="0"]
transform = Transform3D(-0.995828, 0.0130814, 0.090198, 0.0101868, 0.999411, -0.0324846, -0.0905707, -0.0314307, -0.995384, -2.34613, 2.05605, 37.3767)

[node name="Stomach" parent="Pawns/pawnEntity3/BoneAttatchments" index="1"]
transform = Transform3D(-0.993281, 0.0433381, 0.107209, 0.0313406, 0.993288, -0.111167, -0.11131, -0.107061, -0.987982, -2.35506, 1.85134, 37.3987)

[node name="Hips" parent="Pawns/pawnEntity3/BoneAttatchments" index="2"]
transform = Transform3D(-0.9902, -0.0277397, 0.136801, 0.00736396, 0.968304, 0.24965, -0.13939, 0.248214, -0.95862, -2.35119, 1.71598, 37.364)

[node name="Neck" parent="Pawns/pawnEntity3/BoneAttatchments" index="3"]
transform = Transform3D(-0.996125, 0.0116951, 0.0870473, 0.00327824, 0.995345, -0.0962207, -0.0877683, -0.0955636, -0.991537, -2.34268, 2.3198, 37.3684)

[node name="leftHand" parent="Pawns/pawnEntity3/BoneAttatchments" index="4"]
transform = Transform3D(0.455299, -0.0130923, -0.890229, 0.187531, -0.976036, 0.110261, -0.870334, -0.21714, -0.441936, -2.52232, 1.78769, 37.3222)

[node name="rightHand" parent="Pawns/pawnEntity3/BoneAttatchments" index="5"]
transform = Transform3D(0.242629, 0.156382, 0.957432, -0.0560439, -0.982987, 0.174759, 0.968488, -0.0960334, -0.229738, -2.17736, 1.78992, 37.4258)

[node name="pawnEntity4" parent="Pawns" index="4" node_paths=PackedStringArray("velocityComponent", "healthComponent", "rootCameraNode", "followNode") instance=ExtResource("7_p48cf")]
transform = Transform3D(1, 0, 0, 0, 1, 0, 0, 0, 1, -4.71292, 2.77911, 38.133)
velocityComponent = NodePath("../pawnEntity/Components/VelocityComponent")
healthComponent = NodePath("../pawnEntity/Components/HealthComponent")
rootCameraNode = NodePath("../pawnEntity/Mesh")
followNode = NodePath("../pawnEntity/BoneAttatchments/Stomach")

[node name="pawnEntity5" parent="Pawns" index="5" node_paths=PackedStringArray("velocityComponent", "healthComponent", "rootCameraNode", "followNode") instance=ExtResource("7_p48cf")]
transform = Transform3D(1, 0, 0, 0, 1, 0, 0, 0, 1, -8.5441, 5.57222, 37.9616)
velocityComponent = NodePath("../pawnEntity/Components/VelocityComponent")
healthComponent = NodePath("../pawnEntity/Components/HealthComponent")
rootCameraNode = NodePath("../pawnEntity/Mesh")
followNode = NodePath("../pawnEntity/BoneAttatchments/Stomach")

[editable path="Pawns/Players/playerEntity"]
[editable path="Pawns/pawnEntity"]
[editable path="Pawns/pawnEntity2"]
[editable path="Pawns/pawnEntity3"]
