[gd_scene load_steps=25 format=3 uid="uid://dpeqrnidy6scn"]

[ext_resource type="PackedScene" uid="uid://b4dpjminsf4mx" path="res://assets/scenes/worlds/worldBase/worldBase.tscn" id="1_ffcsn"]
[ext_resource type="Texture2D" uid="uid://bodygaior62dl" path="res://assets/textures/Developer_Textures/Light/texture_08.png" id="2_sfw5y"]
[ext_resource type="Material" uid="uid://cwfkhcnuwb76u" path="res://assets/materials/devMaterials/metal/Dark_1.tres" id="3_hoqk6"]
[ext_resource type="Material" uid="uid://cxtyb37kdvjmn" path="res://assets/materials/devMaterials/concrete/white_1.tres" id="4_gj8or"]
[ext_resource type="Material" uid="uid://2ed6xdxpeigm" path="res://assets/materials/devMaterials/dirt/dirt_1.tres" id="5_lmime"]
[ext_resource type="PackedScene" uid="uid://cmyxa8pfmhpcy" path="res://assets/components/inputComponent/inputComponent.tscn" id="7_evk2e"]
[ext_resource type="PackedScene" uid="uid://bg8aarggcxwa8" path="res://assets/entities/pawnEntity/pawnEntity.tscn" id="7_p48cf"]
[ext_resource type="PackedScene" uid="uid://nyee136gj7vd" path="res://assets/entities/clothing/longSleeve/long_sleeved_jacket.tscn" id="9_7fv4q"]
[ext_resource type="PackedScene" uid="uid://bb5qvdslt6004" path="res://assets/entities/clothing/Pants/armored_pants.tscn" id="9_f5k1i"]
[ext_resource type="PackedScene" uid="uid://d10o2e44ltrnl" path="res://assets/entities/clothing/ArmoredShirt/armor_shirt.tscn" id="10_ajj36"]
[ext_resource type="PackedScene" uid="uid://wtqya32cwdbk" path="res://assets/entities/weapons/TestWeapon/testWeapon.tscn" id="10_eo360"]
[ext_resource type="PackedScene" uid="uid://cix8a7ilvw57" path="res://assets/entities/clothing/Hats/Balaclava/balaclava.tscn" id="11_6hpvj"]
[ext_resource type="PackedScene" uid="uid://cgghffeqks1ac" path="res://assets/entities/clothing/Gloves/left_glove_fingerless.tscn" id="19_t0e24"]
[ext_resource type="PackedScene" uid="uid://bap501mpmqgb" path="res://assets/entities/clothing/Gloves/right_glove_fingerless.tscn" id="20_blqkk"]

[sub_resource type="ProceduralSkyMaterial" id="ProceduralSkyMaterial_o6uva"]
sky_top_color = Color(0, 0.595729, 0.995398, 1)
sky_horizon_color = Color(0.12549, 0.435294, 0.545098, 1)
ground_bottom_color = Color(0.141176, 0.611765, 0.909804, 1)
ground_horizon_color = Color(0.12549, 0.435294, 0.545098, 1)

[sub_resource type="Sky" id="Sky_2epwn"]
sky_material = SubResource("ProceduralSkyMaterial_o6uva")

[sub_resource type="Environment" id="Environment_lrdb6"]
background_mode = 2
background_color = Color(0.592157, 0.780392, 0.913725, 1)
sky = SubResource("Sky_2epwn")
ambient_light_source = 3
tonemap_exposure = 1.14
ssao_enabled = true
ssao_radius = 1.21
ssao_intensity = 1.25
ssao_power = 3.21532
sdfgi_enabled = true
sdfgi_energy = 0.618
glow_enabled = true
glow_intensity = 3.28
glow_bloom = 0.1
volumetric_fog_enabled = true
volumetric_fog_density = 0.0125
volumetric_fog_length = 100.66
adjustment_enabled = true
adjustment_contrast = 1.3
adjustment_saturation = 1.25

[sub_resource type="Gradient" id="Gradient_qubni"]
offsets = PackedFloat32Array(0.0143541, 0.378238, 0.585492, 1)
colors = PackedColorArray(0.976471, 0.941176, 0.721569, 1, 0.994007, 0.985018, 0.929084, 1, 1, 1, 1, 1, 0.996078, 0.972549, 0.745098, 1)

[sub_resource type="Curve" id="Curve_qcxnm"]
max_value = 5.0
_data = [Vector2(0, 0), 0.0, 0.0, 0, 0, Vector2(0.232143, 1), 0.0, 0.0, 0, 0, Vector2(0.825893, 1.05263), 0.0, 0.0, 0, 0, Vector2(1, 0), 0.0, 0.0, 0, 0]
point_count = 4

[sub_resource type="Gradient" id="Gradient_potkt"]
offsets = PackedFloat32Array(0)
colors = PackedColorArray(0.310206, 0.0755896, 0.999988, 1)

[sub_resource type="Curve" id="Curve_aqdmn"]
_data = [Vector2(0, 1), 0.0, 0.0, 0, 0, Vector2(0.117188, 0.189474), 0.0, 0.0, 0, 0, Vector2(0.875, 0.189474), 0.0, 0.0, 0, 0, Vector2(1, 1), 0.0, 0.0, 0, 0]
point_count = 4

[sub_resource type="Gradient" id="Gradient_y6i33"]
offsets = PackedFloat32Array(0, 0.38342, 0.637306, 1)
colors = PackedColorArray(0.181661, 0.13485, 0.35183, 1, 0.00784314, 0.564706, 0.854902, 1, 0.00784314, 0.564706, 0.854902, 1, 0.148501, 0.102663, 0.326799, 1)

[sub_resource type="Gradient" id="Gradient_te3yj"]
offsets = PackedFloat32Array(0, 0.226804, 0.440415, 0.597938, 0.773196, 1)
colors = PackedColorArray(0.0392157, 0.0862745, 0.25098, 1, 0.745098, 0.494118, 0.423529, 1, 0.202226, 0.32419, 0.732959, 1, 0.127061, 0.217321, 0.531202, 1, 0.745098, 0.494118, 0.423529, 1, 0.0392157, 0.0862745, 0.25098, 1)

[sub_resource type="StandardMaterial3D" id="StandardMaterial3D_wxycu"]
albedo_color = Color(0.341176, 0.733333, 0, 1)
albedo_texture = ExtResource("2_sfw5y")
metallic_specular = 0.0
metallic_texture = ExtResource("2_sfw5y")
roughness = 0.0
emission_energy_multiplier = 0.18
uv1_triplanar = true
uv1_world_triplanar = true

[node name="worldBase" instance=ExtResource("1_ffcsn")]

[node name="DirectionalLight3D" parent="Environment" index="0"]
transform = Transform3D(0.507283, 0, -0.86178, 0.750868, 0.490752, 0.441995, 0.42292, -0.871299, 0.24895, 0, 0, 0)

[node name="WorldEnvironment" parent="Environment" index="1"]
environment = SubResource("Environment_lrdb6")

[node name="dayNightCycle" parent="Environment" index="2" node_paths=PackedStringArray("environment")]
transform = Transform3D(0.611057, 0, -0.791586, 0, 1, 0, 0.791586, 0, 0.611057, 0, 0, 0)
dayLength = 1024.0
startTime = 0.35
sunColor = SubResource("Gradient_qubni")
sunIntensity = SubResource("Curve_qcxnm")
moonColor = SubResource("Gradient_potkt")
moonIntensity = SubResource("Curve_aqdmn")
environment = NodePath("../WorldEnvironment")
skyTopColor = SubResource("Gradient_y6i33")
skyHorizonColor = SubResource("Gradient_te3yj")

[node name="Floor" type="CSGBox3D" parent="Geometry" index="0"]
use_collision = true
size = Vector3(3311.39, 1, 4446.3)
material = SubResource("StandardMaterial3D_wxycu")

[node name="CSGBox3D" type="CSGBox3D" parent="Geometry" index="1"]
transform = Transform3D(1, 0, 0, 0, 1, 0, 0, 0, 1, 0.134587, 0.978026, 32.3928)
material_override = ExtResource("3_hoqk6")
use_collision = true
size = Vector3(1, 4.66425, 1)

[node name="CSGBox3D2" type="CSGBox3D" parent="Geometry" index="2"]
transform = Transform3D(1, 0, 0, 0, 1, 0, 0, 0, 1, 3.22616, 0.978026, 32.3928)
material_override = ExtResource("3_hoqk6")
use_collision = true
size = Vector3(1, 4.66425, 1)

[node name="CSGBox3D3" type="CSGBox3D" parent="Geometry" index="3"]
transform = Transform3D(1, 0, 0, 0, 1, 0, 0, 0, 1, 5.61331, -0.748979, 32.3928)
material_override = ExtResource("3_hoqk6")
use_collision = true
size = Vector3(1, 4.66425, 1)

[node name="CSGBox3D4" type="CSGBox3D" parent="Geometry" index="4"]
transform = Transform3D(1, 0, 0, 0, 1, 0, 0, 0, 1, -2.39579, 0.978026, 38.3729)
material_override = ExtResource("4_gj8or")
use_collision = true
size = Vector3(1, 4.66425, 1)

[node name="CSGBox3D7" type="CSGBox3D" parent="Geometry" index="5"]
transform = Transform3D(1, 0, 0, 0, 1, 0, 0, 0, 1, -4.59542, -0.564469, 38.3729)
material_override = ExtResource("4_gj8or")
transparency = 0.61
use_collision = true
size = Vector3(1, 4.66425, 1)

[node name="CSGBox3D8" type="CSGBox3D" parent="Geometry" index="6"]
transform = Transform3D(1, 0, 0, 0, 1, 0, 0, 0, 1, -8.64644, 2.27105, 38.3729)
material_override = ExtResource("4_gj8or")
transparency = 0.61
use_collision = true
size = Vector3(1, 4.66425, 1)

[node name="CSGBox3D5" type="CSGBox3D" parent="Geometry" index="7"]
transform = Transform3D(1, 0, 0, 0, 1, 0, 0, 0, 1, 0.695786, 0.978026, 38.3729)
material_override = ExtResource("5_lmime")
use_collision = true
size = Vector3(1, 4.66425, 1)

[node name="CSGBox3D6" type="CSGBox3D" parent="Geometry" index="8"]
transform = Transform3D(1, 0, 0, 0, 0.976281, -0.216508, 0, 0.216508, 0.976281, 2.81745, -0.755724, 37.6593)
material_override = ExtResource("5_lmime")
use_collision = true
size = Vector3(1, 4.66425, 1)

[node name="playerEntity" parent="Pawns/Players" index="0" node_paths=PackedStringArray("inputComponent") instance=ExtResource("7_p48cf")]
transform = Transform3D(1, 0, 0, 0, 1, 0, 0, 0, 1, 0, 1.69885, 34.1192)
inputComponent = NodePath("Components/inputComponent")

[node name="Skeleton3D" parent="Pawns/Players/playerEntity/Mesh/MaleSkeleton" index="0"]
bones/0/position = Vector3(0.0303914, 0.877023, -0.0885458)
bones/0/rotation = Quaternion(-0.125859, -0.0698063, -0.00510107, 0.989576)
bones/1/rotation = Quaternion(0.194131, 0.0150906, 0.00836474, 0.980824)
bones/2/rotation = Quaternion(-0.0702232, 0.00857324, -0.00549733, 0.997479)
bones/3/rotation = Quaternion(0.551295, 0.327055, 0.570534, -0.513419)
bones/4/rotation = Quaternion(-0.455938, 0.304392, -0.34559, 0.761599)
bones/5/rotation = Quaternion(0.070967, 0.0130747, -0.0812462, 0.994078)
bones/6/rotation = Quaternion(-0.00941081, -0.249763, -0.0197994, 0.968059)
bones/7/rotation = Quaternion(-0.0937609, -0.708541, 0.142525, 0.684737)
bones/8/rotation = Quaternion(0.0232374, 0.0592657, -0.00340194, 0.997966)
bones/9/rotation = Quaternion(0.0611504, 0.36924, 0.00297193, 0.927315)
bones/10/rotation = Quaternion(-0.0010111, -0.714085, 0.0114893, 0.699964)
bones/11/rotation = Quaternion(-0.15542, 0.818571, 0.117419, 0.54037)
bones/12/rotation = Quaternion(0.00739788, -0.465132, -0.0290746, 0.884733)
bones/13/rotation = Quaternion(-0.018619, -0.71317, 0.104189, 0.692955)
bones/14/rotation = Quaternion(-0.0970586, 0.929771, -0.136793, -0.327709)
bones/15/rotation = Quaternion(0.0743519, -0.253105, -0.0923636, 0.960145)
bones/16/rotation = Quaternion(0.0372248, -0.710115, 0.0752882, 0.699059)
bones/17/rotation = Quaternion(-0.282344, 0.949488, -0.136475, -0.0113321)
bones/18/rotation = Quaternion(0.022101, 0.0836339, -0.0305933, 0.995782)
bones/19/rotation = Quaternion(0.0222667, -0.715493, 0.0758741, 0.69413)
bones/20/rotation = Quaternion(-0.168815, 0.907781, -0.0188098, 0.383511)
bones/21/rotation = Quaternion(0.0377852, 0.0487971, -0.0715413, 0.995526)
bones/22/rotation = Quaternion(0.553795, -0.313702, -0.557627, -0.532874)
bones/23/rotation = Quaternion(-0.508235, -0.326618, 0.256287, 0.754542)
bones/24/rotation = Quaternion(0.132009, -0.0128843, 0.151149, 0.979572)
bones/25/rotation = Quaternion(0.0104552, 0.19332, -0.063199, 0.979042)
bones/26/rotation = Quaternion(-0.0731715, 0.712773, -0.124441, 0.686379)
bones/27/rotation = Quaternion(0.0232302, -0.0592724, 0.00339992, 0.997966)
bones/28/rotation = Quaternion(0.0610928, -0.369236, -0.00290249, 0.927321)
bones/29/rotation = Quaternion(0.0201666, 0.71448, 0.00668751, 0.699334)
bones/30/rotation = Quaternion(-0.155285, -0.818539, -0.117392, 0.540462)
bones/31/rotation = Quaternion(0.00751281, 0.465109, 0.0291441, 0.884742)
bones/32/rotation = Quaternion(0.00235804, 0.716184, -0.0860129, 0.692587)
bones/33/rotation = Quaternion(0.0968957, 0.929749, -0.136863, 0.327791)
bones/34/rotation = Quaternion(0.0742947, 0.25318, 0.0922694, 0.960139)
bones/35/rotation = Quaternion(0.0583804, 0.712177, -0.0572384, 0.697222)
bones/36/rotation = Quaternion(0.282244, 0.949524, -0.136435, 0.0113367)
bones/37/rotation = Quaternion(0.0220393, -0.0836776, 0.0305136, 0.995782)
bones/38/rotation = Quaternion(0.0432236, 0.717575, -0.057595, 0.692748)
bones/39/rotation = Quaternion(0.168698, 0.907757, -0.0187951, -0.383622)
bones/40/rotation = Quaternion(0.0377986, -0.0487352, 0.0713506, 0.995543)
bones/41/rotation = Quaternion(0.0450644, -0.00102534, 0.0022458, 0.998981)
bones/42/rotation = Quaternion(0.01165, 0.70995, 0.052796, 0.702174)
bones/43/rotation = Quaternion(0.990552, 0.0796578, -0.067794, -0.0886812)
bones/44/rotation = Quaternion(0.209835, 0.00205184, 0.0283942, 0.977322)
bones/45/rotation = Quaternion(0.0379372, 0.86499, -0.49595, 0.0662288)
bones/46/rotation = Quaternion(0.42685, -0.0145372, -0.0222873, 0.903931)
bones/47/rotation = Quaternion(0.994393, -0.0903856, 0.0147231, 0.0528844)
bones/48/rotation = Quaternion(0.17294, -0.00206963, -0.0283075, 0.984523)
bones/49/rotation = Quaternion(-0.0171951, 0.898283, -0.431914, -0.0790112)
bones/50/rotation = Quaternion(0.302339, 0.0110148, 0.000398297, 0.953137)

[node name="LeftGloveFingerless" parent="Pawns/Players/playerEntity/Mesh/MaleSkeleton/Skeleton3D/Clothing" index="0" instance=ExtResource("19_t0e24")]

[node name="RightGloveFingerless" parent="Pawns/Players/playerEntity/Mesh/MaleSkeleton/Skeleton3D/Clothing" index="1" instance=ExtResource("20_blqkk")]

[node name="ArmoredPants" parent="Pawns/Players/playerEntity/Mesh/MaleSkeleton/Skeleton3D/Clothing" index="2" instance=ExtResource("9_f5k1i")]

[node name="ArmorShirt" parent="Pawns/Players/playerEntity/Mesh/MaleSkeleton/Skeleton3D/Clothing" index="3" instance=ExtResource("10_ajj36")]

[node name="Balaclava" parent="Pawns/Players/playerEntity/Mesh/MaleSkeleton/Skeleton3D/Clothing" index="4" instance=ExtResource("11_6hpvj")]

[node name="inputComponent" parent="Pawns/Players/playerEntity/Components" index="2" instance=ExtResource("7_evk2e")]

[node name="AnimationTree" parent="Pawns/Players/playerEntity" index="2"]
parameters/weaponBlend/blend_amount = 0

[node name="UpperChest" parent="Pawns/Players/playerEntity/BoneAttatchments" index="0"]
transform = Transform3D(-0.995777, 0.0123073, 0.0908667, 0.0126353, 0.999906, 0.00303137, -0.0908217, 0.00416665, -0.995849, -0.0266282, 1.91531, 34.2148)

[node name="Stomach" parent="Pawns/Players/playerEntity/BoneAttatchments" index="1"]
transform = Transform3D(-0.993826, 0.0370257, 0.104493, 0.0224487, 0.990245, -0.137377, -0.108563, -0.134185, -0.984972, -0.034259, 1.71123, 34.2425)

[node name="Neck" parent="Pawns/Players/playerEntity/BoneAttatchments" index="2"]
transform = Transform3D(-0.995506, 0.0249982, 0.0912277, 0.0170361, 0.99605, -0.0870373, -0.093044, -0.085093, -0.992009, -0.0233803, 2.17918, 34.2159)

[node name="leftHand" parent="Pawns/Players/playerEntity/BoneAttatchments" index="3"]
transform = Transform3D(0.434589, -0.0200628, -0.900392, 0.218866, -0.967414, 0.127191, -0.8736, -0.252334, -0.41604, -0.201995, 1.64739, 34.1647)

[node name="rightHand" parent="Pawns/Players/playerEntity/BoneAttatchments" index="4"]
transform = Transform3D(0.234658, 0.15926, 0.958943, -0.0427914, -0.983813, 0.173863, 0.971124, -0.0818066, -0.224045, 0.142535, 1.64967, 34.2673)

[node name="TestWeapon" parent="Pawns/Players/playerEntity/BoneAttatchments/rightHand/Weapons" index="0" instance=ExtResource("10_eo360")]

[node name="pawnEntity" parent="Pawns" index="1" instance=ExtResource("7_p48cf")]
transform = Transform3D(1, 0, 0, 0, 1, 0, 0, 0, 1, 0.824409, 1.83894, 37.276)

[node name="Skeleton3D" parent="Pawns/pawnEntity/Mesh/MaleSkeleton" index="0"]
bones/0/position = Vector3(0.0303857, 0.877023, -0.0886243)
bones/0/rotation = Quaternion(-0.125859, -0.0698063, -0.00510107, 0.989576)
bones/1/rotation = Quaternion(0.194907, 0.0155901, 0.00710271, 0.980672)
bones/2/rotation = Quaternion(-0.0724645, 0.00824831, -0.00395856, 0.997329)
bones/3/rotation = Quaternion(0.550797, 0.325714, 0.571039, -0.514244)
bones/4/rotation = Quaternion(-0.456293, 0.302593, -0.34515, 0.762303)
bones/5/rotation = Quaternion(0.0711647, 0.0130743, -0.0814726, 0.994046)
bones/6/rotation = Quaternion(-0.00802504, -0.251206, -0.0199122, 0.967696)
bones/7/rotation = Quaternion(-0.0937609, -0.708541, 0.142525, 0.684737)
bones/8/rotation = Quaternion(0.0232374, 0.0592657, -0.00340194, 0.997966)
bones/9/rotation = Quaternion(0.0611504, 0.36924, 0.00297193, 0.927315)
bones/10/rotation = Quaternion(-0.0010111, -0.714085, 0.0114893, 0.699964)
bones/11/rotation = Quaternion(-0.15542, 0.818571, 0.117419, 0.54037)
bones/12/rotation = Quaternion(0.00739788, -0.465132, -0.0290746, 0.884733)
bones/13/rotation = Quaternion(-0.018619, -0.71317, 0.104189, 0.692955)
bones/14/rotation = Quaternion(-0.0970586, 0.929771, -0.136793, -0.327709)
bones/15/rotation = Quaternion(0.0743519, -0.253105, -0.0923636, 0.960145)
bones/16/rotation = Quaternion(0.0372248, -0.710115, 0.0752882, 0.699059)
bones/17/rotation = Quaternion(-0.282344, 0.949488, -0.136475, -0.0113321)
bones/18/rotation = Quaternion(0.022101, 0.0836339, -0.0305933, 0.995782)
bones/19/rotation = Quaternion(0.0222667, -0.715493, 0.0758741, 0.69413)
bones/20/rotation = Quaternion(-0.168815, 0.907781, -0.0188098, 0.383511)
bones/21/rotation = Quaternion(0.0377852, 0.0487971, -0.0715413, 0.995526)
bones/22/rotation = Quaternion(0.552929, -0.312381, -0.557386, -0.534797)
bones/23/rotation = Quaternion(-0.509833, -0.322069, 0.256587, 0.755318)
bones/24/rotation = Quaternion(0.130798, -0.0128893, 0.149762, 0.979948)
bones/25/rotation = Quaternion(0.0138729, 0.197156, -0.0635347, 0.978213)
bones/26/rotation = Quaternion(-0.0731715, 0.712773, -0.124441, 0.686379)
bones/27/rotation = Quaternion(0.0232302, -0.0592724, 0.00339992, 0.997966)
bones/28/rotation = Quaternion(0.0610928, -0.369236, -0.00290249, 0.927321)
bones/29/rotation = Quaternion(0.0201666, 0.71448, 0.00668751, 0.699334)
bones/30/rotation = Quaternion(-0.155285, -0.818539, -0.117392, 0.540462)
bones/31/rotation = Quaternion(0.00751281, 0.465109, 0.0291441, 0.884742)
bones/32/rotation = Quaternion(0.00235804, 0.716184, -0.0860129, 0.692587)
bones/33/rotation = Quaternion(0.0968957, 0.929749, -0.136863, 0.327791)
bones/34/rotation = Quaternion(0.0742947, 0.25318, 0.0922694, 0.960139)
bones/35/rotation = Quaternion(0.0583804, 0.712177, -0.0572384, 0.697222)
bones/36/rotation = Quaternion(0.282244, 0.949524, -0.136435, 0.0113367)
bones/37/rotation = Quaternion(0.0220393, -0.0836776, 0.0305136, 0.995782)
bones/38/rotation = Quaternion(0.0432236, 0.717575, -0.057595, 0.692748)
bones/39/rotation = Quaternion(0.168698, 0.907757, -0.0187951, -0.383622)
bones/40/rotation = Quaternion(0.0377986, -0.0487352, 0.0713506, 0.995543)
bones/41/rotation = Quaternion(0.0461764, -0.00173555, 0.00405588, 0.998924)
bones/42/rotation = Quaternion(0.0130477, 0.710361, 0.0514097, 0.701836)
bones/43/rotation = Quaternion(0.990535, 0.0799781, -0.067566, -0.0887597)
bones/44/rotation = Quaternion(0.209495, 0.002052, 0.0283936, 0.977395)
bones/45/rotation = Quaternion(0.0372476, 0.865046, -0.495892, 0.0663241)
bones/46/rotation = Quaternion(0.42685, -0.0145372, -0.0222873, 0.903931)
bones/47/rotation = Quaternion(0.99442, -0.0899414, 0.015031, 0.053046)
bones/48/rotation = Quaternion(0.17294, -0.00206963, -0.0283075, 0.984523)
bones/49/rotation = Quaternion(-0.0172066, 0.898281, -0.431919, -0.0790061)
bones/50/rotation = Quaternion(0.302339, 0.0110148, 0.000398297, 0.953137)

[node name="Balaclava" parent="Pawns/pawnEntity/Mesh/MaleSkeleton/Skeleton3D/Clothing" index="0" instance=ExtResource("11_6hpvj")]

[node name="UpperChest" parent="Pawns/pawnEntity/BoneAttatchments" index="0"]
transform = Transform3D(-0.995769, 0.0125107, 0.0909221, 0.0130998, 0.999887, 0.00588253, -0.0908391, 0.0070487, -0.995831, 0.79728, 2.05536, 37.3713)

[node name="Stomach" parent="Pawns/pawnEntity/BoneAttatchments" index="1"]
transform = Transform3D(-0.993971, 0.0345677, 0.103956, 0.0198975, 0.990076, -0.138978, -0.107732, -0.136073, -0.984804, 0.790156, 1.85132, 37.3993)

[node name="Neck" parent="Pawns/pawnEntity/BoneAttatchments" index="2"]
transform = Transform3D(-0.995282, 0.0290719, 0.0924592, 0.0210638, 0.996025, -0.0864402, -0.0946054, -0.0840857, -0.991947, 0.800581, 2.31923, 37.3732)

[node name="leftHand" parent="Pawns/pawnEntity/BoneAttatchments" index="3"]
transform = Transform3D(0.428082, -0.0228554, -0.903438, 0.221898, -0.966405, 0.129588, -0.876044, -0.255939, -0.408632, 0.621831, 1.78752, 37.3215)

[node name="rightHand" parent="Pawns/pawnEntity/BoneAttatchments" index="4"]
transform = Transform3D(0.21691, 0.165811, 0.962007, -0.0450312, -0.982694, 0.179532, 0.975141, -0.0822363, -0.20569, 0.966363, 1.7897, 37.4242)

[node name="pawnEntity2" parent="Pawns" index="2" node_paths=PackedStringArray("velocityComponent", "healthComponent", "rootCameraNode", "followNode") instance=ExtResource("7_p48cf")]
transform = Transform3D(1, 0, 0, 0, 1, 0, 0, 0, 1, 2.82441, 1.83894, 37.276)
velocityComponent = NodePath("../pawnEntity/Components/VelocityComponent")
healthComponent = NodePath("../pawnEntity/Components/HealthComponent")
rootCameraNode = NodePath("../pawnEntity/Mesh")
followNode = NodePath("../pawnEntity/BoneAttatchments/Stomach")

[node name="Skeleton3D" parent="Pawns/pawnEntity2/Mesh/MaleSkeleton" index="0"]
bones/0/position = Vector3(0.030385, 0.877023, -0.0886339)
bones/0/rotation = Quaternion(-0.125859, -0.0698063, -0.00510107, 0.989576)
bones/1/rotation = Quaternion(0.194982, 0.0156459, 0.00696167, 0.980657)
bones/2/rotation = Quaternion(-0.0726049, 0.00821839, -0.00381858, 0.99732)
bones/3/rotation = Quaternion(0.550767, 0.325603, 0.571075, -0.514307)
bones/4/rotation = Quaternion(-0.456342, 0.302406, -0.345091, 0.762375)
bones/5/rotation = Quaternion(0.0711888, 0.0130743, -0.0815002, 0.994042)
bones/6/rotation = Quaternion(-0.00788079, -0.25136, -0.0199032, 0.967657)
bones/7/rotation = Quaternion(-0.0937609, -0.708541, 0.142525, 0.684737)
bones/8/rotation = Quaternion(0.0232374, 0.0592657, -0.00340194, 0.997966)
bones/9/rotation = Quaternion(0.0611504, 0.36924, 0.00297193, 0.927315)
bones/10/rotation = Quaternion(-0.0010111, -0.714085, 0.0114893, 0.699964)
bones/11/rotation = Quaternion(-0.15542, 0.818571, 0.117419, 0.54037)
bones/12/rotation = Quaternion(0.00739788, -0.465132, -0.0290746, 0.884733)
bones/13/rotation = Quaternion(-0.018619, -0.71317, 0.104189, 0.692955)
bones/14/rotation = Quaternion(-0.0970586, 0.929771, -0.136793, -0.327709)
bones/15/rotation = Quaternion(0.0743519, -0.253105, -0.0923636, 0.960145)
bones/16/rotation = Quaternion(0.0372248, -0.710115, 0.0752882, 0.699059)
bones/17/rotation = Quaternion(-0.282344, 0.949488, -0.136475, -0.0113321)
bones/18/rotation = Quaternion(0.022101, 0.0836339, -0.0305933, 0.995782)
bones/19/rotation = Quaternion(0.0222667, -0.715493, 0.0758741, 0.69413)
bones/20/rotation = Quaternion(-0.168815, 0.907781, -0.0188098, 0.383511)
bones/21/rotation = Quaternion(0.0377852, 0.0487971, -0.0715413, 0.995526)
bones/22/rotation = Quaternion(0.552878, -0.312283, -0.557351, -0.534943)
bones/23/rotation = Quaternion(-0.509979, -0.321624, 0.256596, 0.755406)
bones/24/rotation = Quaternion(0.130672, -0.0128898, 0.149618, 0.979986)
bones/25/rotation = Quaternion(0.0142333, 0.197561, -0.0635198, 0.978127)
bones/26/rotation = Quaternion(-0.0731715, 0.712773, -0.124441, 0.686379)
bones/27/rotation = Quaternion(0.0232302, -0.0592724, 0.00339992, 0.997966)
bones/28/rotation = Quaternion(0.0610928, -0.369236, -0.00290249, 0.927321)
bones/29/rotation = Quaternion(0.0201666, 0.71448, 0.00668751, 0.699334)
bones/30/rotation = Quaternion(-0.155285, -0.818539, -0.117392, 0.540462)
bones/31/rotation = Quaternion(0.00751281, 0.465109, 0.0291441, 0.884742)
bones/32/rotation = Quaternion(0.00235804, 0.716184, -0.0860129, 0.692587)
bones/33/rotation = Quaternion(0.0968957, 0.929749, -0.136863, 0.327791)
bones/34/rotation = Quaternion(0.0742947, 0.25318, 0.0922694, 0.960139)
bones/35/rotation = Quaternion(0.0583804, 0.712177, -0.0572384, 0.697222)
bones/36/rotation = Quaternion(0.282244, 0.949524, -0.136435, 0.0113367)
bones/37/rotation = Quaternion(0.0220393, -0.0836776, 0.0305136, 0.995782)
bones/38/rotation = Quaternion(0.0432236, 0.717575, -0.057595, 0.692748)
bones/39/rotation = Quaternion(0.168698, 0.907757, -0.0187951, -0.383622)
bones/40/rotation = Quaternion(0.0377986, -0.0487352, 0.0713506, 0.995543)
bones/41/rotation = Quaternion(0.0462514, -0.00180092, 0.00422299, 0.998919)
bones/42/rotation = Quaternion(0.0131983, 0.710406, 0.0512576, 0.701799)
bones/43/rotation = Quaternion(0.990533, 0.0800171, -0.0675383, -0.0887692)
bones/44/rotation = Quaternion(0.209454, 0.00205201, 0.0283935, 0.977404)
bones/45/rotation = Quaternion(0.0372114, 0.865063, -0.495864, 0.0663337)
bones/46/rotation = Quaternion(0.42685, -0.0145372, -0.0222873, 0.903931)
bones/47/rotation = Quaternion(0.994423, -0.0898873, 0.0150684, 0.0530657)
bones/48/rotation = Quaternion(0.17294, -0.00206963, -0.0283075, 0.984523)
bones/49/rotation = Quaternion(-0.0172066, 0.898281, -0.431919, -0.0790061)
bones/50/rotation = Quaternion(0.302339, 0.0110148, 0.000398297, 0.953137)

[node name="ArmoredPants" parent="Pawns/pawnEntity2/Mesh/MaleSkeleton/Skeleton3D/Clothing" index="0" instance=ExtResource("9_f5k1i")]

[node name="UpperChest" parent="Pawns/pawnEntity2/BoneAttatchments" index="0"]
transform = Transform3D(-0.995771, 0.01249, 0.0909074, 0.01309, 0.999887, 0.00600414, -0.0908229, 0.00716872, -0.995831, 2.79722, 2.05536, 37.3713)

[node name="Stomach" parent="Pawns/pawnEntity2/BoneAttatchments" index="1"]
transform = Transform3D(-0.993987, 0.0342901, 0.103897, 0.0196121, 0.99006, -0.139133, -0.107638, -0.13626, -0.984788, 2.79016, 1.85132, 37.3994)

[node name="Neck" parent="Pawns/pawnEntity2/BoneAttatchments" index="2"]
transform = Transform3D(-0.995263, 0.0294019, 0.0925573, 0.0213827, 0.996015, -0.0864712, -0.0947318, -0.0840834, -0.991936, 2.80052, 2.31923, 37.3732)

[node name="leftHand" parent="Pawns/pawnEntity2/BoneAttatchments" index="3"]
transform = Transform3D(0.427349, -0.0231346, -0.903778, 0.222108, -0.966335, 0.129755, -0.876349, -0.25618, -0.407827, 2.62178, 1.78751, 37.3215)

[node name="rightHand" parent="Pawns/pawnEntity2/BoneAttatchments" index="4"]
transform = Transform3D(0.215138, 0.166523, 0.962281, -0.0452692, -0.982568, 0.180157, 0.975522, -0.082294, -0.20385, 2.96633, 1.7897, 37.4242)

[node name="pawnEntity3" parent="Pawns" index="3" node_paths=PackedStringArray("velocityComponent", "healthComponent", "rootCameraNode", "followNode") instance=ExtResource("7_p48cf")]
transform = Transform3D(1, 0, 0, 0, 1, 0, 0, 0, 1, -2.32076, 1.83894, 37.276)
velocityComponent = NodePath("../pawnEntity/Components/VelocityComponent")
healthComponent = NodePath("../pawnEntity/Components/HealthComponent")
rootCameraNode = NodePath("../pawnEntity/Mesh")
followNode = NodePath("../pawnEntity/BoneAttatchments/Stomach")

[node name="Skeleton3D" parent="Pawns/pawnEntity3/Mesh/MaleSkeleton" index="0"]
bones/0/position = Vector3(0.0303916, 0.877023, -0.0885428)
bones/0/rotation = Quaternion(-0.125859, -0.0698063, -0.00510107, 0.989576)
bones/1/rotation = Quaternion(0.194093, 0.0150694, 0.00841841, 0.980831)
bones/2/rotation = Quaternion(-0.0701073, 0.00858727, -0.00556478, 0.997487)
bones/3/rotation = Quaternion(0.551324, 0.327121, 0.570507, -0.513376)
bones/4/rotation = Quaternion(-0.455927, 0.304476, -0.345602, 0.761566)
bones/5/rotation = Quaternion(0.0709596, 0.0130747, -0.0812377, 0.99408)
bones/6/rotation = Quaternion(-0.00947663, -0.249698, -0.0197822, 0.968075)
bones/7/rotation = Quaternion(-0.0937609, -0.708541, 0.142525, 0.684737)
bones/8/rotation = Quaternion(0.0232374, 0.0592657, -0.00340194, 0.997966)
bones/9/rotation = Quaternion(0.0611504, 0.36924, 0.00297193, 0.927315)
bones/10/rotation = Quaternion(-0.0010111, -0.714085, 0.0114893, 0.699964)
bones/11/rotation = Quaternion(-0.15542, 0.818571, 0.117419, 0.54037)
bones/12/rotation = Quaternion(0.00739788, -0.465132, -0.0290746, 0.884733)
bones/13/rotation = Quaternion(-0.018619, -0.71317, 0.104189, 0.692955)
bones/14/rotation = Quaternion(-0.0970586, 0.929771, -0.136793, -0.327709)
bones/15/rotation = Quaternion(0.0743519, -0.253105, -0.0923636, 0.960145)
bones/16/rotation = Quaternion(0.0372248, -0.710115, 0.0752882, 0.699059)
bones/17/rotation = Quaternion(-0.282344, 0.949488, -0.136475, -0.0113321)
bones/18/rotation = Quaternion(0.022101, 0.0836339, -0.0305933, 0.995782)
bones/19/rotation = Quaternion(0.0222667, -0.715493, 0.0758741, 0.69413)
bones/20/rotation = Quaternion(-0.168815, 0.907781, -0.0188098, 0.383511)
bones/21/rotation = Quaternion(0.0377852, 0.0487971, -0.0715413, 0.995526)
bones/22/rotation = Quaternion(0.553841, -0.313765, -0.557633, -0.532783)
bones/23/rotation = Quaternion(-0.508168, -0.326807, 0.25627, 0.754512)
bones/24/rotation = Quaternion(0.132057, -0.0128841, 0.151204, 0.979557)
bones/25/rotation = Quaternion(0.0103201, 0.193168, -0.0631758, 0.979075)
bones/26/rotation = Quaternion(-0.0731715, 0.712773, -0.124441, 0.686379)
bones/27/rotation = Quaternion(0.0232302, -0.0592724, 0.00339992, 0.997966)
bones/28/rotation = Quaternion(0.0610928, -0.369236, -0.00290249, 0.927321)
bones/29/rotation = Quaternion(0.0201666, 0.71448, 0.00668751, 0.699334)
bones/30/rotation = Quaternion(-0.155285, -0.818539, -0.117392, 0.540462)
bones/31/rotation = Quaternion(0.00751281, 0.465109, 0.0291441, 0.884742)
bones/32/rotation = Quaternion(0.00235804, 0.716184, -0.0860129, 0.692587)
bones/33/rotation = Quaternion(0.0968957, 0.929749, -0.136863, 0.327791)
bones/34/rotation = Quaternion(0.0742947, 0.25318, 0.0922694, 0.960139)
bones/35/rotation = Quaternion(0.0583804, 0.712177, -0.0572384, 0.697222)
bones/36/rotation = Quaternion(0.282244, 0.949524, -0.136435, 0.0113367)
bones/37/rotation = Quaternion(0.0220393, -0.0836776, 0.0305136, 0.995782)
bones/38/rotation = Quaternion(0.0432236, 0.717575, -0.057595, 0.692748)
bones/39/rotation = Quaternion(0.168698, 0.907757, -0.0187951, -0.383622)
bones/40/rotation = Quaternion(0.0377986, -0.0487352, 0.0713506, 0.995543)
bones/41/rotation = Quaternion(0.0450135, -0.000995781, 0.0021704, 0.998984)
bones/42/rotation = Quaternion(0.0115868, 0.709932, 0.0528566, 0.702189)
bones/43/rotation = Quaternion(0.990553, 0.0796457, -0.0678025, -0.0886783)
bones/44/rotation = Quaternion(0.209847, 0.00205183, 0.0283942, 0.97732)
bones/45/rotation = Quaternion(0.0379632, 0.864988, -0.495952, 0.0662253)
bones/46/rotation = Quaternion(0.42685, -0.0145372, -0.0222873, 0.903931)
bones/47/rotation = Quaternion(0.994392, -0.0904024, 0.0147115, 0.0528783)
bones/48/rotation = Quaternion(0.17294, -0.00206963, -0.0283075, 0.984523)
bones/49/rotation = Quaternion(-0.0171883, 0.898284, -0.431911, -0.0790143)
bones/50/rotation = Quaternion(0.302339, 0.0110148, 0.000398297, 0.953137)

[node name="longSleevedJacket" parent="Pawns/pawnEntity3/Mesh/MaleSkeleton/Skeleton3D/Clothing" index="0" instance=ExtResource("9_7fv4q")]

[node name="LeftGloveFingerless" parent="Pawns/pawnEntity3/Mesh/MaleSkeleton/Skeleton3D/Clothing" index="1" instance=ExtResource("19_t0e24")]

[node name="RightGloveFingerless" parent="Pawns/pawnEntity3/Mesh/MaleSkeleton/Skeleton3D/Clothing" index="2" instance=ExtResource("20_blqkk")]

[node name="ArmoredPants" parent="Pawns/pawnEntity3/Mesh/MaleSkeleton/Skeleton3D/Clothing" index="3" instance=ExtResource("9_f5k1i")]

[node name="UpperChest" parent="Pawns/pawnEntity3/BoneAttatchments" index="0"]
transform = Transform3D(-0.995777, 0.0122974, 0.090863, 0.0126116, 0.999907, 0.00288045, -0.0908199, 0.00401419, -0.995849, -2.34737, 2.0554, 37.3716)

[node name="Stomach" parent="Pawns/pawnEntity3/BoneAttatchments" index="1"]
transform = Transform3D(-0.99382, 0.0371288, 0.104516, 0.022557, 0.990253, -0.137298, -0.108598, -0.134093, -0.98498, -2.35502, 1.85132, 37.3993)

[node name="Neck" parent="Pawns/pawnEntity3/BoneAttatchments" index="2"]
transform = Transform3D(-0.995515, 0.0248262, 0.0911751, 0.0168641, 0.996048, -0.0870854, -0.0929777, -0.0851581, -0.99201, -2.34412, 2.31928, 37.3727)

[node name="leftHand" parent="Pawns/pawnEntity3/BoneAttatchments" index="3"]
transform = Transform3D(0.434871, -0.0199446, -0.900259, 0.218696, -0.967469, 0.127071, -0.873502, -0.252135, -0.416366, -2.52273, 1.78747, 37.3215)

[node name="rightHand" parent="Pawns/pawnEntity3/BoneAttatchments" index="4"]
transform = Transform3D(0.235378, 0.158999, 0.95881, -0.042709, -0.983856, 0.173638, 0.970953, -0.0817943, -0.224788, -2.1782, 1.78976, 37.4241)

[node name="pawnEntity4" parent="Pawns" index="4" node_paths=PackedStringArray("velocityComponent", "healthComponent", "rootCameraNode", "followNode") instance=ExtResource("7_p48cf")]
transform = Transform3D(1, 0, 0, 0, 1, 0, 0, 0, 1, -4.71292, 2.77911, 38.133)
velocityComponent = NodePath("../pawnEntity/Components/VelocityComponent")
healthComponent = NodePath("../pawnEntity/Components/HealthComponent")
rootCameraNode = NodePath("../pawnEntity/Mesh")
followNode = NodePath("../pawnEntity/BoneAttatchments/Stomach")

[node name="pawnEntity5" parent="Pawns" index="5" node_paths=PackedStringArray("velocityComponent", "healthComponent", "rootCameraNode", "followNode") instance=ExtResource("7_p48cf")]
transform = Transform3D(1, 0, 0, 0, 1, 0, 0, 0, 1, -8.5441, 5.57222, 37.9616)
velocityComponent = NodePath("../pawnEntity/Components/VelocityComponent")
healthComponent = NodePath("../pawnEntity/Components/HealthComponent")
rootCameraNode = NodePath("../pawnEntity/Mesh")
followNode = NodePath("../pawnEntity/BoneAttatchments/Stomach")

[editable path="Pawns/Players/playerEntity"]
[editable path="Pawns/pawnEntity"]
[editable path="Pawns/pawnEntity2"]
[editable path="Pawns/pawnEntity3"]
