[gd_scene load_steps=26 format=3 uid="uid://dpeqrnidy6scn"]

[ext_resource type="PackedScene" uid="uid://b4dpjminsf4mx" path="res://assets/scenes/worlds/worldBase/worldBase.tscn" id="1_ffcsn"]
[ext_resource type="Texture2D" uid="uid://bodygaior62dl" path="res://assets/textures/Developer_Textures/Light/texture_08.png" id="2_sfw5y"]
[ext_resource type="Material" uid="uid://cwfkhcnuwb76u" path="res://assets/materials/devMaterials/metal/Dark_1.tres" id="3_hoqk6"]
[ext_resource type="CompressedTexture3D" uid="uid://b1mu0rlu1esav" path="res://assets/scenes/worlds/debug/bakedData/debugWorld.gpuParticlesCollisionSdf3d_data.exr" id="4_0i3i8"]
[ext_resource type="Material" uid="uid://cxtyb37kdvjmn" path="res://assets/materials/devMaterials/concrete/white_1.tres" id="4_gj8or"]
[ext_resource type="Material" uid="uid://2ed6xdxpeigm" path="res://assets/materials/devMaterials/dirt/dirt_1.tres" id="5_lmime"]
[ext_resource type="PackedScene" uid="uid://cmyxa8pfmhpcy" path="res://assets/components/inputComponent/inputComponent.tscn" id="7_evk2e"]
[ext_resource type="PackedScene" uid="uid://bg8aarggcxwa8" path="res://assets/entities/pawnEntity/pawnEntity.tscn" id="7_p48cf"]
[ext_resource type="PackedScene" uid="uid://nyee136gj7vd" path="res://assets/entities/clothing/longSleeve/long_sleeved_jacket.tscn" id="9_7fv4q"]
[ext_resource type="PackedScene" uid="uid://bb5qvdslt6004" path="res://assets/entities/clothing/Pants/armored_pants.tscn" id="9_f5k1i"]
[ext_resource type="PackedScene" uid="uid://d10o2e44ltrnl" path="res://assets/entities/clothing/ArmoredShirt/armor_shirt.tscn" id="10_ajj36"]
[ext_resource type="PackedScene" uid="uid://wtqya32cwdbk" path="res://assets/entities/weapons/TestWeapon/testWeapon.tscn" id="10_eo360"]
[ext_resource type="PackedScene" uid="uid://cix8a7ilvw57" path="res://assets/entities/clothing/Hats/Balaclava/balaclava.tscn" id="11_6hpvj"]
[ext_resource type="PackedScene" uid="uid://cgghffeqks1ac" path="res://assets/entities/clothing/Gloves/left_glove_fingerless.tscn" id="19_t0e24"]
[ext_resource type="PackedScene" uid="uid://bap501mpmqgb" path="res://assets/entities/clothing/Gloves/right_glove_fingerless.tscn" id="20_blqkk"]

[sub_resource type="ProceduralSkyMaterial" id="ProceduralSkyMaterial_o6uva"]
sky_top_color = Color(0, 0.595729, 0.995398, 1)
sky_horizon_color = Color(0.12549, 0.435294, 0.545098, 1)
ground_bottom_color = Color(0.141176, 0.611765, 0.909804, 1)
ground_horizon_color = Color(0.12549, 0.435294, 0.545098, 1)

[sub_resource type="Sky" id="Sky_2epwn"]
sky_material = SubResource("ProceduralSkyMaterial_o6uva")

[sub_resource type="Environment" id="Environment_lrdb6"]
background_mode = 2
background_color = Color(0.592157, 0.780392, 0.913725, 1)
sky = SubResource("Sky_2epwn")
ambient_light_source = 3
tonemap_exposure = 1.14
ssao_enabled = true
ssao_radius = 1.21
ssao_intensity = 1.25
ssao_power = 3.21532
sdfgi_enabled = true
sdfgi_energy = 0.618
glow_enabled = true
glow_intensity = 3.28
glow_bloom = 0.05
volumetric_fog_enabled = true
volumetric_fog_density = 0.0125
volumetric_fog_length = 100.66
adjustment_enabled = true
adjustment_contrast = 1.3
adjustment_saturation = 1.25

[sub_resource type="Gradient" id="Gradient_qubni"]
offsets = PackedFloat32Array(0.0143541, 0.378238, 0.585492, 1)
colors = PackedColorArray(0.976471, 0.941176, 0.721569, 1, 0.994007, 0.985018, 0.929084, 1, 1, 1, 1, 1, 0.996078, 0.972549, 0.745098, 1)

[sub_resource type="Curve" id="Curve_qcxnm"]
max_value = 5.0
_data = [Vector2(0, 0), 0.0, 0.0, 0, 0, Vector2(0.232143, 1), 0.0, 0.0, 0, 0, Vector2(0.825893, 1.05263), 0.0, 0.0, 0, 0, Vector2(1, 0), 0.0, 0.0, 0, 0]
point_count = 4

[sub_resource type="Gradient" id="Gradient_potkt"]
offsets = PackedFloat32Array(0)
colors = PackedColorArray(0.15506, 0.212525, 0.556736, 1)

[sub_resource type="Curve" id="Curve_aqdmn"]
_data = [Vector2(0, 1), 0.0, 0.0, 0, 0, Vector2(0.117188, 0.189474), 0.0, 0.0, 0, 0, Vector2(0.875, 0.189474), 0.0, 0.0, 0, 0, Vector2(1, 1), 0.0, 0.0, 0, 0]
point_count = 4

[sub_resource type="Gradient" id="Gradient_y6i33"]
offsets = PackedFloat32Array(0, 0.38342, 0.637306, 1)
colors = PackedColorArray(0.181661, 0.13485, 0.35183, 1, 0.00784314, 0.564706, 0.854902, 1, 0.00784314, 0.564706, 0.854902, 1, 0.148501, 0.102663, 0.326799, 1)

[sub_resource type="Gradient" id="Gradient_te3yj"]
offsets = PackedFloat32Array(0, 0.226804, 0.440415, 0.597938, 0.773196, 1)
colors = PackedColorArray(0.0392157, 0.0862745, 0.25098, 1, 0.823529, 0.431373, 0.45098, 1, 0.202226, 0.32419, 0.732959, 1, 0.127061, 0.217321, 0.531202, 1, 0.823529, 0.431373, 0.45098, 1, 0.0392157, 0.0862745, 0.25098, 1)

[sub_resource type="StandardMaterial3D" id="StandardMaterial3D_wxycu"]
albedo_color = Color(0.341176, 0.733333, 0, 1)
albedo_texture = ExtResource("2_sfw5y")
metallic_specular = 0.0
metallic_texture = ExtResource("2_sfw5y")
roughness = 0.0
emission_energy_multiplier = 0.18
uv1_triplanar = true
uv1_world_triplanar = true

[node name="worldBase" instance=ExtResource("1_ffcsn")]

[node name="DirectionalLight3D" parent="Environment" index="0"]
transform = Transform3D(0.507283, 0, -0.86178, 0.750868, 0.490752, 0.441995, 0.42292, -0.871299, 0.24895, 0, 0, 0)

[node name="WorldEnvironment" parent="Environment" index="1"]
environment = SubResource("Environment_lrdb6")

[node name="dayNightCycle" parent="Environment" index="2" node_paths=PackedStringArray("environment")]
transform = Transform3D(0.611057, 0, -0.791586, 0, 1, 0, 0.791586, 0, 0.611057, 0, 0, 0)
dayLength = 1024.0
startTime = 0.35
sunColor = SubResource("Gradient_qubni")
sunIntensity = SubResource("Curve_qcxnm")
moonColor = SubResource("Gradient_potkt")
moonIntensity = SubResource("Curve_aqdmn")
environment = NodePath("../WorldEnvironment")
skyTopColor = SubResource("Gradient_y6i33")
skyHorizonColor = SubResource("Gradient_te3yj")

[node name="Floor" type="CSGBox3D" parent="Geometry" index="0"]
material_override = ExtResource("3_hoqk6")
use_collision = true
size = Vector3(3311.39, 1, 4446.3)
material = SubResource("StandardMaterial3D_wxycu")

[node name="gpuParticlesCollisionSdf3d" type="GPUParticlesCollisionSDF3D" parent="Geometry/Floor" index="0"]
size = Vector3(3311.39, 1.15, 4446.3)
resolution = 5
thickness = 2.0
texture = ExtResource("4_0i3i8")

[node name="CSGBox3D" type="CSGBox3D" parent="Geometry" index="1"]
transform = Transform3D(1, 0, 0, 0, 1, 0, 0, 0, 1, 0.134587, 0.978026, 32.3928)
material_override = ExtResource("3_hoqk6")
use_collision = true
size = Vector3(1, 4.66425, 1)

[node name="CSGBox3D2" type="CSGBox3D" parent="Geometry" index="2"]
transform = Transform3D(1, 0, 0, 0, 1, 0, 0, 0, 1, 3.22616, 0.978026, 32.3928)
material_override = ExtResource("3_hoqk6")
use_collision = true
size = Vector3(1, 4.66425, 1)

[node name="CSGBox3D3" type="CSGBox3D" parent="Geometry" index="3"]
transform = Transform3D(1, 0, 0, 0, 1, 0, 0, 0, 1, 5.61331, -0.748979, 32.3928)
material_override = ExtResource("3_hoqk6")
use_collision = true
size = Vector3(1, 4.66425, 1)

[node name="CSGBox3D4" type="CSGBox3D" parent="Geometry" index="4"]
transform = Transform3D(1, 0, 0, 0, 1, 0, 0, 0, 1, -2.39579, 0.978026, 38.3729)
material_override = ExtResource("4_gj8or")
use_collision = true
size = Vector3(1, 4.66425, 1)

[node name="CSGBox3D7" type="CSGBox3D" parent="Geometry" index="5"]
transform = Transform3D(1, 0, 0, 0, 1, 0, 0, 0, 1, -4.59542, -0.564469, 38.3729)
material_override = ExtResource("4_gj8or")
transparency = 0.61
use_collision = true
size = Vector3(1, 4.66425, 1)

[node name="CSGBox3D8" type="CSGBox3D" parent="Geometry" index="6"]
transform = Transform3D(1, 0, 0, 0, 1, 0, 0, 0, 1, -8.64644, 2.27105, 38.3729)
material_override = ExtResource("4_gj8or")
transparency = 0.61
use_collision = true
size = Vector3(1, 4.66425, 1)

[node name="CSGBox3D5" type="CSGBox3D" parent="Geometry" index="7"]
transform = Transform3D(1, 0, 0, 0, 1, 0, 0, 0, 1, 0.695786, 0.978026, 38.3729)
material_override = ExtResource("5_lmime")
use_collision = true
size = Vector3(1, 4.66425, 1)

[node name="gpuParticlesCollisionBox3d" type="GPUParticlesCollisionBox3D" parent="Geometry/CSGBox3D5" index="0"]
size = Vector3(1, 4.66, 1)

[node name="CSGBox3D6" type="CSGBox3D" parent="Geometry" index="8"]
transform = Transform3D(1, 0, 0, 0, 0.976281, -0.216508, 0, 0.216508, 0.976281, 2.81745, -0.755724, 37.6593)
material_override = ExtResource("5_lmime")
use_collision = true
size = Vector3(1, 4.66425, 1)

[node name="playerEntity" parent="Pawns/Players" index="0" node_paths=PackedStringArray("inputComponent") instance=ExtResource("7_p48cf")]
transform = Transform3D(1, 0, 0, 0, 1, 0, 0, 0, 1, 0, 1.69885, 34.1192)
inputComponent = NodePath("Components/inputComponent")

[node name="Skeleton3D" parent="Pawns/Players/playerEntity/Mesh/MaleSkeleton" index="0"]
bones/0/position = Vector3(0.0304207, 0.877039, -0.0880881)
bones/0/rotation = Quaternion(-0.125914, -0.0697743, -0.0051194, 0.989571)
bones/1/rotation = Quaternion(0.183464, 0.013206, 0.0131561, 0.98285)
bones/2/rotation = Quaternion(-0.0441958, 0.00966772, -0.0114584, 0.99891)
bones/3/rotation = Quaternion(0.557881, 0.336332, 0.565265, -0.506088)
bones/4/rotation = Quaternion(-0.455207, 0.311915, -0.344515, 0.759477)
bones/5/rotation = Quaternion(0.0718065, 0.0130727, -0.0822076, 0.993939)
bones/6/rotation = Quaternion(-0.0198264, -0.243705, -0.0135885, 0.969552)
bones/8/rotation = Quaternion(0.0232307, 0.0592703, -0.00339814, 0.997966)
bones/9/rotation = Quaternion(0.0611464, 0.369235, 0.00296232, 0.927317)
bones/10/rotation = Quaternion(-0.00100327, -0.714084, 0.0114806, 0.699966)
bones/11/rotation = Quaternion(-0.155419, 0.81857, 0.117409, 0.540373)
bones/12/rotation = Quaternion(0.00740813, -0.465132, -0.0290847, 0.884732)
bones/13/rotation = Quaternion(-0.0186065, -0.713171, 0.10419, 0.692954)
bones/14/rotation = Quaternion(-0.0970489, 0.929771, -0.136789, -0.327713)
bones/15/rotation = Quaternion(0.0743456, -0.253101, -0.0923551, 0.960148)
bones/16/rotation = Quaternion(0.0372321, -0.710114, 0.0752797, 0.69906)
bones/17/rotation = Quaternion(-0.28233, 0.949491, -0.136484, -0.011326)
bones/18/rotation = Quaternion(0.0221031, 0.0836344, -0.0305859, 0.995782)
bones/19/rotation = Quaternion(0.0222761, -0.715493, 0.0758625, 0.694131)
bones/20/rotation = Quaternion(-0.168807, 0.907778, -0.0188174, 0.383523)
bones/21/rotation = Quaternion(0.0377949, 0.0487959, -0.0715354, 0.995527)
bones/22/rotation = Quaternion(0.56161, -0.321383, -0.555609, -0.522118)
bones/23/rotation = Quaternion(-0.505695, -0.334574, 0.25319, 0.753809)
bones/24/rotation = Quaternion(0.133359, -0.0128788, 0.152694, 0.97915)
bones/25/rotation = Quaternion(0.0117872, 0.190686, -0.0535797, 0.980117)
bones/26/rotation = Quaternion(-0.0729451, 0.712729, -0.124408, 0.686454)
bones/27/rotation = Quaternion(0.0232326, -0.0592717, 0.00340008, 0.997966)
bones/28/rotation = Quaternion(0.0613683, -0.369199, -0.00321844, 0.927316)
bones/29/rotation = Quaternion(0.0198291, 0.714469, 0.0063547, 0.699357)
bones/30/rotation = Quaternion(-0.156033, -0.818486, -0.117692, 0.540262)
bones/31/rotation = Quaternion(0.00691225, 0.465237, 0.0290465, 0.884682)
bones/32/rotation = Quaternion(0.00184784, 0.716118, -0.0862045, 0.692633)
bones/33/rotation = Quaternion(0.0977412, 0.929791, -0.136774, 0.327457)
bones/34/rotation = Quaternion(0.0745723, 0.252732, 0.0926202, 0.960202)
bones/35/rotation = Quaternion(0.0577801, 0.712122, -0.0575499, 0.697303)
bones/36/rotation = Quaternion(0.282699, 0.949351, -0.136688, 0.0113997)
bones/37/rotation = Quaternion(0.0223861, -0.0836032, 0.0309775, 0.995766)
bones/38/rotation = Quaternion(0.0428953, 0.717813, -0.0579771, 0.692491)
bones/39/rotation = Quaternion(0.169368, 0.907768, -0.0186278, -0.383308)
bones/40/rotation = Quaternion(0.0376061, -0.0490229, 0.072173, 0.995477)
bones/41/rotation = Quaternion(0.0339079, 0.00134916, -0.00389168, 0.999417)
bones/42/rotation = Quaternion(0.00587091, 0.708583, 0.056886, 0.703306)
bones/43/rotation = Quaternion(0.989894, 0.0789928, -0.0687323, -0.0956304)
bones/44/rotation = Quaternion(0.20356, 0.00205512, 0.0283821, 0.978649)
bones/45/rotation = Quaternion(0.0389014, 0.865994, -0.494159, 0.0659356)
bones/46/rotation = Quaternion(0.427047, -0.0145229, -0.0222704, 0.903838)
bones/47/rotation = Quaternion(0.994501, -0.0914806, 0.0145108, 0.0488776)
bones/48/rotation = Quaternion(0.172348, -0.00206988, -0.0283058, 0.984627)
bones/49/rotation = Quaternion(-0.0161294, 0.898584, -0.431245, -0.0794658)
bones/50/rotation = Quaternion(0.302549, 0.0110119, 0.000391961, 0.95307)

[node name="LeftGloveFingerless" parent="Pawns/Players/playerEntity/Mesh/MaleSkeleton/Skeleton3D/Clothing" index="0" instance=ExtResource("19_t0e24")]

[node name="RightGloveFingerless" parent="Pawns/Players/playerEntity/Mesh/MaleSkeleton/Skeleton3D/Clothing" index="1" instance=ExtResource("20_blqkk")]

[node name="ArmoredPants" parent="Pawns/Players/playerEntity/Mesh/MaleSkeleton/Skeleton3D/Clothing" index="2" instance=ExtResource("9_f5k1i")]

[node name="ArmorShirt" parent="Pawns/Players/playerEntity/Mesh/MaleSkeleton/Skeleton3D/Clothing" index="3" instance=ExtResource("10_ajj36")]

[node name="Balaclava" parent="Pawns/Players/playerEntity/Mesh/MaleSkeleton/Skeleton3D/Clothing" index="4" instance=ExtResource("11_6hpvj")]

[node name="inputComponent" parent="Pawns/Players/playerEntity/Components" index="2" instance=ExtResource("7_evk2e")]

[node name="AnimationTree" parent="Pawns/Players/playerEntity" index="2"]
parameters/weaponBlend/blend_amount = 0

[node name="UpperChest" parent="Pawns/Players/playerEntity/BoneAttatchments" index="0"]
transform = Transform3D(-0.99582, 0.0128153, 0.0903211, 0.0104107, 0.99957, -0.0270502, -0.0906298, -0.0259972, -0.995535, -0.0251503, 1.91584, 34.2191)

[node name="LeftThigh" parent="Pawns/Players/playerEntity/BoneAttatchments" index="1"]
transform = Transform3D(-0.98974, -0.142372, 0.0117493, 0.141195, -0.987382, -0.071308, 0.0217558, -0.0689156, 0.997381, -0.0789324, 1.57625, 34.2005)

[node name="LeftFoot" parent="Pawns/Players/playerEntity/BoneAttatchments" index="2"]
transform = Transform3D(0.976279, -0.212677, -0.0400714, -0.136222, -0.747694, 0.649847, -0.168182, -0.628984, -0.758976, -0.165329, 0.798181, 34.3068)

[node name="LeftKnee" parent="Pawns/Players/playerEntity/BoneAttatchments" index="3"]
transform = Transform3D(-0.996063, -0.0715066, 0.0520659, 0.0847505, -0.940108, 0.330085, 0.0253469, 0.333216, 0.942501, -0.136532, 1.17678, 34.1726)

[node name="RightThigh" parent="Pawns/Players/playerEntity/BoneAttatchments" index="4"]
transform = Transform3D(-0.963044, 0.221615, -0.15305, -0.158044, -0.925111, -0.345168, -0.21809, -0.308217, 0.925973, 0.0207952, 1.5755, 34.2145)

[node name="RightFoot" parent="Pawns/Players/playerEntity/BoneAttatchments" index="5"]
transform = Transform3D(0.932158, 0.318617, 0.171906, 0.061554, -0.607373, 0.791992, 0.356771, -0.727696, -0.585796, 0.151989, 0.800697, 34.095)

[node name="RightKnee" parent="Pawns/Players/playerEntity/BoneAttatchments" index="6"]
transform = Transform3D(-0.973121, 0.103137, -0.205823, -0.1036, -0.994556, -0.00860268, -0.205595, 0.0129669, 0.97854, 0.110454, 1.20122, 34.0898)

[node name="Stomach" parent="Pawns/Players/playerEntity/BoneAttatchments" index="7"]
transform = Transform3D(-0.993254, 0.0443637, 0.107041, 0.0318839, 0.992763, -0.115608, -0.111398, -0.111416, -0.98749, -0.0342933, 1.71124, 34.242)

[node name="Hips" parent="Pawns/Players/playerEntity/BoneAttatchments" index="8"]
transform = Transform3D(-0.990201, -0.0277031, 0.136803, 0.00743908, 0.968235, 0.249916, -0.139381, 0.248487, -0.95855, -0.0304207, 1.57589, 34.2073)

[node name="Neck" parent="Pawns/Players/playerEntity/BoneAttatchments" index="9"]
transform = Transform3D(-0.996152, 0.0110687, 0.0868217, 0.00280647, 0.99549, -0.0947202, -0.0874794, -0.0941131, -0.991701, -0.0217683, 2.17963, 34.2122)

[node name="leftHand" parent="Pawns/Players/playerEntity/BoneAttatchments" index="10"]
transform = Transform3D(0.456139, -0.0117777, -0.889817, 0.19097, -0.975307, 0.110801, -0.869146, -0.220462, -0.442629, -0.200967, 1.64744, 34.1659)

[node name="rightHand" parent="Pawns/Players/playerEntity/BoneAttatchments" index="11"]
transform = Transform3D(0.2575, 0.15179, 0.954281, -0.0523262, -0.983918, 0.170625, 0.964849, -0.0938434, -0.245417, 0.143923, 1.64985, 34.2682)

[node name="TestWeapon" parent="Pawns/Players/playerEntity/BoneAttatchments/rightHand/Weapons" index="0" instance=ExtResource("10_eo360")]

[node name="pawnEntity" parent="Pawns" index="1" instance=ExtResource("7_p48cf")]
transform = Transform3D(1, 0, 0, 0, 1, 0, 0, 0, 1, 0.824409, 1.83894, 37.276)

[node name="Skeleton3D" parent="Pawns/pawnEntity/Mesh/MaleSkeleton" index="0"]
bones/0/position = Vector3(0.0304248, 0.877039, -0.0880316)
bones/0/rotation = Quaternion(-0.125908, -0.0697682, -0.0051945, 0.989572)
bones/1/rotation = Quaternion(0.181395, 0.013243, 0.0130321, 0.983235)
bones/2/rotation = Quaternion(-0.0395976, 0.00963304, -0.0113409, 0.999105)
bones/3/rotation = Quaternion(0.559099, 0.337301, 0.564435, -0.505024)
bones/4/rotation = Quaternion(-0.455426, 0.311877, -0.343807, 0.759682)
bones/5/rotation = Quaternion(0.0724329, 0.0130713, -0.0829247, 0.993834)
bones/6/rotation = Quaternion(-0.0210516, -0.243609, -0.0118911, 0.969572)
bones/8/rotation = Quaternion(0.0232307, 0.0592703, -0.00339814, 0.997966)
bones/9/rotation = Quaternion(0.0611464, 0.369235, 0.00296232, 0.927317)
bones/10/rotation = Quaternion(-0.00100327, -0.714084, 0.0114806, 0.699966)
bones/11/rotation = Quaternion(-0.155419, 0.81857, 0.117409, 0.540373)
bones/12/rotation = Quaternion(0.00740813, -0.465132, -0.0290847, 0.884732)
bones/13/rotation = Quaternion(-0.0186065, -0.713171, 0.10419, 0.692954)
bones/14/rotation = Quaternion(-0.0970489, 0.929771, -0.136789, -0.327713)
bones/15/rotation = Quaternion(0.0743456, -0.253101, -0.0923551, 0.960148)
bones/16/rotation = Quaternion(0.0372321, -0.710114, 0.0752797, 0.69906)
bones/17/rotation = Quaternion(-0.28233, 0.949491, -0.136484, -0.011326)
bones/18/rotation = Quaternion(0.0221031, 0.0836344, -0.0305859, 0.995782)
bones/19/rotation = Quaternion(0.0222761, -0.715493, 0.0758625, 0.694131)
bones/20/rotation = Quaternion(-0.168807, 0.907778, -0.0188174, 0.383523)
bones/21/rotation = Quaternion(0.0377949, 0.0487959, -0.0715354, 0.995527)
bones/22/rotation = Quaternion(0.562812, -0.322036, -0.554777, -0.521304)
bones/23/rotation = Quaternion(-0.506755, -0.331694, 0.252685, 0.754539)
bones/24/rotation = Quaternion(0.132395, -0.0128828, 0.151591, 0.979452)
bones/25/rotation = Quaternion(0.015631, 0.194328, -0.0513076, 0.979469)
bones/26/rotation = Quaternion(-0.0729451, 0.712729, -0.124408, 0.686454)
bones/27/rotation = Quaternion(0.0232326, -0.0592717, 0.00340008, 0.997966)
bones/28/rotation = Quaternion(0.0613683, -0.369199, -0.00321844, 0.927316)
bones/29/rotation = Quaternion(0.0198291, 0.714469, 0.0063547, 0.699357)
bones/30/rotation = Quaternion(-0.156033, -0.818486, -0.117692, 0.540262)
bones/31/rotation = Quaternion(0.00691225, 0.465237, 0.0290465, 0.884682)
bones/32/rotation = Quaternion(0.00184784, 0.716118, -0.0862045, 0.692633)
bones/33/rotation = Quaternion(0.0977412, 0.929791, -0.136774, 0.327457)
bones/34/rotation = Quaternion(0.0745723, 0.252732, 0.0926202, 0.960202)
bones/35/rotation = Quaternion(0.0577801, 0.712122, -0.0575499, 0.697303)
bones/36/rotation = Quaternion(0.282699, 0.949351, -0.136688, 0.0113997)
bones/37/rotation = Quaternion(0.0223861, -0.0836032, 0.0309775, 0.995766)
bones/38/rotation = Quaternion(0.0428953, 0.717813, -0.0579771, 0.692491)
bones/39/rotation = Quaternion(0.169368, 0.907768, -0.0186278, -0.383308)
bones/40/rotation = Quaternion(0.0376061, -0.0490229, 0.072173, 0.995477)
bones/41/rotation = Quaternion(0.0320735, 0.00122428, -0.00354685, 0.999479)
bones/42/rotation = Quaternion(0.00585583, 0.708672, 0.0565129, 0.703247)
bones/43/rotation = Quaternion(0.989778, 0.0792402, -0.0686835, -0.0966617)
bones/44/rotation = Quaternion(0.202568, 0.00205562, 0.0283801, 0.978855)
bones/45/rotation = Quaternion(0.0385999, 0.866228, -0.493768, 0.0659796)
bones/46/rotation = Quaternion(0.427047, -0.0145229, -0.0222704, 0.903838)
bones/47/rotation = Quaternion(0.994547, -0.091283, 0.0147477, 0.0482257)
bones/48/rotation = Quaternion(0.172243, -0.00206992, -0.0283055, 0.984646)
bones/49/rotation = Quaternion(-0.0159988, 0.898607, -0.431191, -0.0795244)
bones/50/rotation = Quaternion(0.302549, 0.0110119, 0.000391961, 0.95307)

[node name="Balaclava" parent="Pawns/pawnEntity/Mesh/MaleSkeleton/Skeleton3D/Clothing" index="0" instance=ExtResource("11_6hpvj")]

[node name="UpperChest" parent="Pawns/pawnEntity/BoneAttatchments" index="0"]
transform = Transform3D(-0.995825, 0.0130435, 0.0902397, 0.010186, 0.999424, -0.032061, -0.0906068, -0.0310084, -0.995394, 0.799045, 2.05603, 37.3766)

[node name="LeftThigh" parent="Pawns/pawnEntity/BoneAttatchments" index="1"]
transform = Transform3D(-0.989669, -0.142852, 0.0118474, 0.141712, -0.987453, -0.0692579, 0.0215949, -0.0668618, 0.997524, 0.745473, 1.71633, 37.3572)

[node name="LeftFoot" parent="Pawns/pawnEntity/BoneAttatchments" index="2"]
transform = Transform3D(0.976306, -0.212538, -0.04016, -0.136211, -0.74829, 0.649163, -0.168037, -0.628322, -0.759557, 0.658668, 0.938257, 37.4644)

[node name="LeftKnee" parent="Pawns/pawnEntity/BoneAttatchments" index="3"]
transform = Transform3D(-0.99602, -0.0720373, 0.0521473, 0.085279, -0.940054, 0.330104, 0.0252441, 0.333256, 0.94249, 0.687679, 1.31683, 37.3302)

[node name="RightThigh" parent="Pawns/pawnEntity/BoneAttatchments" index="4"]
transform = Transform3D(-0.963042, 0.221202, -0.153659, -0.157732, -0.925607, -0.343978, -0.218324, -0.307022, 0.926315, 0.8452, 1.71559, 37.3712)

[node name="RightFoot" parent="Pawns/pawnEntity/BoneAttatchments" index="5"]
transform = Transform3D(0.932064, 0.318395, 0.172822, 0.0611195, -0.608382, 0.791251, 0.35709, -0.72695, -0.586527, 0.976006, 0.940578, 37.2527)

[node name="RightKnee" parent="Pawns/pawnEntity/BoneAttatchments" index="6"]
transform = Transform3D(-0.973093, 0.102589, -0.206229, -0.10327, -0.994599, -0.0075309, -0.205893, 0.0139841, 0.978464, 0.934692, 1.34112, 37.247)

[node name="Stomach" parent="Pawns/pawnEntity/BoneAttatchments" index="7"]
transform = Transform3D(-0.99328, 0.043446, 0.107178, 0.0314213, 0.993255, -0.111438, -0.1113, -0.107322, -0.987955, 0.790091, 1.85133, 37.3988)

[node name="Hips" parent="Pawns/pawnEntity/BoneAttatchments" index="8"]
transform = Transform3D(-0.990201, -0.0278493, 0.136773, 0.007288, 0.968237, 0.249914, -0.139388, 0.248464, -0.958555, 0.793984, 1.71598, 37.364)

[node name="Neck" parent="Pawns/pawnEntity/BoneAttatchments" index="9"]
transform = Transform3D(-0.996129, 0.0116625, 0.0870069, 0.00326405, 0.995361, -0.0960577, -0.0877244, -0.0954029, -0.991556, 0.802487, 2.31978, 37.3685)

[node name="leftHand" parent="Pawns/pawnEntity/BoneAttatchments" index="10"]
transform = Transform3D(0.454815, -0.0123559, -0.890487, 0.187177, -0.976229, 0.109142, -0.870663, -0.21631, -0.441695, 0.623187, 1.78757, 37.3229)

[node name="rightHand" parent="Pawns/pawnEntity/BoneAttatchments" index="11"]
transform = Transform3D(0.243994, 0.156938, 0.956994, -0.0573515, -0.98273, 0.175781, 0.968069, -0.0977484, -0.230781, 0.968083, 1.78993, 37.4252)

[node name="pawnEntity2" parent="Pawns" index="2" node_paths=PackedStringArray("velocityComponent", "healthComponent", "rootCameraNode", "followNode") instance=ExtResource("7_p48cf")]
transform = Transform3D(1, 0, 0, 0, 1, 0, 0, 0, 1, 2.82441, 1.83894, 37.276)
velocityComponent = NodePath("../pawnEntity/Components/VelocityComponent")
healthComponent = NodePath("../pawnEntity/Components/HealthComponent")
rootCameraNode = NodePath("../pawnEntity/Mesh")
followNode = NodePath("../pawnEntity/BoneAttatchments/Stomach")

[node name="Skeleton3D" parent="Pawns/pawnEntity2/Mesh/MaleSkeleton" index="0"]
bones/0/position = Vector3(0.0304219, 0.877039, -0.0880719)
bones/0/rotation = Quaternion(-0.125914, -0.0697744, -0.0051194, 0.989571)
bones/1/rotation = Quaternion(0.182874, 0.013214, 0.0131281, 0.98296)
bones/2/rotation = Quaternion(-0.042886, 0.00965975, -0.0114382, 0.998968)
bones/3/rotation = Quaternion(0.558229, 0.33661, 0.565028, -0.505784)
bones/4/rotation = Quaternion(-0.455254, 0.311928, -0.344336, 0.759525)
bones/5/rotation = Quaternion(0.0719593, 0.0130724, -0.0823826, 0.993914)
bones/6/rotation = Quaternion(-0.0201811, -0.243663, -0.0131273, 0.969561)
bones/8/rotation = Quaternion(0.0232307, 0.0592703, -0.00339814, 0.997966)
bones/9/rotation = Quaternion(0.0611464, 0.369235, 0.00296232, 0.927317)
bones/10/rotation = Quaternion(-0.00100327, -0.714084, 0.0114806, 0.699966)
bones/11/rotation = Quaternion(-0.155419, 0.81857, 0.117409, 0.540373)
bones/12/rotation = Quaternion(0.00740813, -0.465132, -0.0290847, 0.884732)
bones/13/rotation = Quaternion(-0.0186065, -0.713171, 0.10419, 0.692954)
bones/14/rotation = Quaternion(-0.0970489, 0.929771, -0.136789, -0.327713)
bones/15/rotation = Quaternion(0.0743456, -0.253101, -0.0923551, 0.960148)
bones/16/rotation = Quaternion(0.0372321, -0.710114, 0.0752797, 0.69906)
bones/17/rotation = Quaternion(-0.28233, 0.949491, -0.136484, -0.011326)
bones/18/rotation = Quaternion(0.0221031, 0.0836344, -0.0305859, 0.995782)
bones/19/rotation = Quaternion(0.0222761, -0.715493, 0.0758625, 0.694131)
bones/20/rotation = Quaternion(-0.168807, 0.907778, -0.0188174, 0.383523)
bones/21/rotation = Quaternion(0.0377949, 0.0487959, -0.0715354, 0.995527)
bones/22/rotation = Quaternion(0.561954, -0.321577, -0.555376, -0.521875)
bones/23/rotation = Quaternion(-0.505985, -0.333796, 0.253048, 0.754007)
bones/24/rotation = Quaternion(0.133102, -0.0128799, 0.152401, 0.97923)
bones/25/rotation = Quaternion(0.0128582, 0.191688, -0.0529392, 0.979943)
bones/26/rotation = Quaternion(-0.0729451, 0.712729, -0.124408, 0.686454)
bones/27/rotation = Quaternion(0.0232326, -0.0592717, 0.00340008, 0.997966)
bones/28/rotation = Quaternion(0.0613683, -0.369199, -0.00321844, 0.927316)
bones/29/rotation = Quaternion(0.0198291, 0.714469, 0.0063547, 0.699357)
bones/30/rotation = Quaternion(-0.156033, -0.818486, -0.117692, 0.540262)
bones/31/rotation = Quaternion(0.00691225, 0.465237, 0.0290465, 0.884682)
bones/32/rotation = Quaternion(0.00184784, 0.716118, -0.0862045, 0.692633)
bones/33/rotation = Quaternion(0.0977412, 0.929791, -0.136774, 0.327457)
bones/34/rotation = Quaternion(0.0745723, 0.252732, 0.0926202, 0.960202)
bones/35/rotation = Quaternion(0.0577801, 0.712122, -0.0575499, 0.697303)
bones/36/rotation = Quaternion(0.282699, 0.949351, -0.136688, 0.0113997)
bones/37/rotation = Quaternion(0.0223861, -0.0836032, 0.0309775, 0.995766)
bones/38/rotation = Quaternion(0.0428953, 0.717813, -0.0579771, 0.692491)
bones/39/rotation = Quaternion(0.169368, 0.907768, -0.0186278, -0.383308)
bones/40/rotation = Quaternion(0.0376061, -0.0490229, 0.072173, 0.995477)
bones/41/rotation = Quaternion(0.0333849, 0.00132136, -0.00381413, 0.999435)
bones/42/rotation = Quaternion(0.0058666, 0.708608, 0.0567794, 0.703289)
bones/43/rotation = Quaternion(0.989861, 0.0790629, -0.0687189, -0.0959257)
bones/44/rotation = Quaternion(0.203275, 0.00205526, 0.0283815, 0.978708)
bones/45/rotation = Quaternion(0.0388261, 0.866059, -0.494051, 0.0659441)
bones/46/rotation = Quaternion(0.427047, -0.0145229, -0.0222704, 0.903838)
bones/47/rotation = Quaternion(0.994514, -0.0914252, 0.0145775, 0.0486909)
bones/48/rotation = Quaternion(0.172318, -0.00206989, -0.0283057, 0.984632)
bones/49/rotation = Quaternion(-0.0160921, 0.89859, -0.43123, -0.0794825)
bones/50/rotation = Quaternion(0.302549, 0.0110119, 0.000391961, 0.95307)

[node name="ArmoredPants" parent="Pawns/pawnEntity2/Mesh/MaleSkeleton/Skeleton3D/Clothing" index="0" instance=ExtResource("9_f5k1i")]

[node name="UpperChest" parent="Pawns/pawnEntity2/BoneAttatchments" index="0"]
transform = Transform3D(-0.995821, 0.0129115, 0.0902934, 0.0103785, 0.999531, -0.0284735, -0.0906196, -0.0274179, -0.995498, 2.79922, 2.05596, 37.3761)

[node name="LeftThigh" parent="Pawns/pawnEntity2/BoneAttatchments" index="1"]
transform = Transform3D(-0.989714, -0.14255, 0.0117771, 0.141384, -0.987396, -0.0707281, 0.0217135, -0.0683338, 0.997422, 2.74548, 1.71634, 37.3572)

[node name="LeftFoot" parent="Pawns/pawnEntity2/BoneAttatchments" index="2"]
transform = Transform3D(0.976279, -0.212684, -0.0400526, -0.13628, -0.747842, 0.649665, -0.16814, -0.628806, -0.759133, 2.65893, 0.938271, 37.4638)

[node name="LeftKnee" parent="Pawns/pawnEntity2/BoneAttatchments" index="3"]
transform = Transform3D(-0.996047, -0.0716963, 0.0521053, 0.0849425, -0.940092, 0.330081, 0.0253208, 0.333221, 0.9425, 2.6878, 1.31686, 37.3296)

[node name="RightThigh" parent="Pawns/pawnEntity2/BoneAttatchments" index="4"]
transform = Transform3D(-0.96305, 0.221458, -0.153235, -0.157915, -0.92526, -0.344827, -0.218155, -0.307881, 0.92607, 2.8452, 1.71559, 37.3713)

[node name="RightFoot" parent="Pawns/pawnEntity2/BoneAttatchments" index="5"]
transform = Transform3D(0.932134, 0.318527, 0.172198, 0.0613904, -0.60767, 0.791777, 0.356859, -0.727487, -0.586001, 2.97626, 0.940721, 37.2521)

[node name="RightKnee" parent="Pawns/pawnEntity2/BoneAttatchments" index="6"]
transform = Transform3D(-0.973117, 0.10294, -0.205936, -0.103465, -0.994572, -0.00829336, -0.205678, 0.0132521, 0.978519, 2.9348, 1.34125, 37.2467)

[node name="Stomach" parent="Pawns/pawnEntity2/BoneAttatchments" index="7"]
transform = Transform3D(-0.993259, 0.0441594, 0.107076, 0.03181, 0.992904, -0.114417, -0.111372, -0.11024, -0.987625, 2.79012, 1.85133, 37.3988)

[node name="Hips" parent="Pawns/pawnEntity2/BoneAttatchments" index="8"]
transform = Transform3D(-0.990201, -0.0277031, 0.136804, 0.00743908, 0.968235, 0.249916, -0.139381, 0.248487, -0.95855, 2.79399, 1.71598, 37.3641)

[node name="Neck" parent="Pawns/pawnEntity2/BoneAttatchments" index="9"]
transform = Transform3D(-0.996148, 0.0112269, 0.0868535, 0.00292843, 0.995454, -0.095096, -0.0875272, -0.0944764, -0.991662, 2.80262, 2.31974, 37.3689)

[node name="leftHand" parent="Pawns/pawnEntity2/BoneAttatchments" index="10"]
transform = Transform3D(0.455856, -0.0119383, -0.88996, 0.189855, -0.975578, 0.110331, -0.869538, -0.219251, -0.44246, 2.62338, 1.78755, 37.3228)

[node name="rightHand" parent="Pawns/pawnEntity2/BoneAttatchments" index="11"]
transform = Transform3D(0.253822, 0.153165, 0.955047, -0.0537679, -0.983595, 0.172034, 0.965744, -0.0949904, -0.241424, 2.96827, 1.78993, 37.425)

[node name="pawnEntity3" parent="Pawns" index="3" node_paths=PackedStringArray("velocityComponent", "healthComponent", "rootCameraNode", "followNode") instance=ExtResource("7_p48cf")]
transform = Transform3D(1, 0, 0, 0, 1, 0, 0, 0, 1, -2.32076, 1.83894, 37.276)
velocityComponent = NodePath("../pawnEntity/Components/VelocityComponent")
healthComponent = NodePath("../pawnEntity/Components/HealthComponent")
rootCameraNode = NodePath("../pawnEntity/Mesh")
followNode = NodePath("../pawnEntity/BoneAttatchments/Stomach")

[node name="Skeleton3D" parent="Pawns/pawnEntity3/Mesh/MaleSkeleton" index="0"]
bones/0/position = Vector3(0.030422, 0.877039, -0.0880699)
bones/0/rotation = Quaternion(-0.125914, -0.0697743, -0.0051194, 0.989571)
bones/1/rotation = Quaternion(0.182799, 0.0132151, 0.0131243, 0.982974)
bones/2/rotation = Quaternion(-0.0427194, 0.00965855, -0.0114347, 0.998975)
bones/3/rotation = Quaternion(0.558273, 0.336646, 0.564998, -0.505745)
bones/4/rotation = Quaternion(-0.45526, 0.31193, -0.344313, 0.75953)
bones/5/rotation = Quaternion(0.0719787, 0.0130723, -0.0824048, 0.99391)
bones/6/rotation = Quaternion(-0.0202253, -0.24366, -0.0130646, 0.969562)
bones/8/rotation = Quaternion(0.0232307, 0.0592703, -0.00339814, 0.997966)
bones/9/rotation = Quaternion(0.0611464, 0.369235, 0.00296232, 0.927317)
bones/10/rotation = Quaternion(-0.00100327, -0.714084, 0.0114806, 0.699966)
bones/11/rotation = Quaternion(-0.155419, 0.81857, 0.117409, 0.540373)
bones/12/rotation = Quaternion(0.00740813, -0.465132, -0.0290847, 0.884732)
bones/13/rotation = Quaternion(-0.0186065, -0.713171, 0.10419, 0.692954)
bones/14/rotation = Quaternion(-0.0970489, 0.929771, -0.136789, -0.327713)
bones/15/rotation = Quaternion(0.0743456, -0.253101, -0.0923551, 0.960148)
bones/16/rotation = Quaternion(0.0372321, -0.710114, 0.0752797, 0.69906)
bones/17/rotation = Quaternion(-0.28233, 0.949491, -0.136484, -0.011326)
bones/18/rotation = Quaternion(0.0221031, 0.0836344, -0.0305859, 0.995782)
bones/19/rotation = Quaternion(0.0222761, -0.715493, 0.0758625, 0.694131)
bones/20/rotation = Quaternion(-0.168807, 0.907778, -0.0188174, 0.383523)
bones/21/rotation = Quaternion(0.0377949, 0.0487959, -0.0715354, 0.995527)
bones/22/rotation = Quaternion(0.561997, -0.321602, -0.555347, -0.521844)
bones/23/rotation = Quaternion(-0.506021, -0.333698, 0.25303, 0.754032)
bones/24/rotation = Quaternion(0.133067, -0.01288, 0.15236, 0.979241)
bones/25/rotation = Quaternion(0.0129945, 0.191816, -0.0528578, 0.97992)
bones/26/rotation = Quaternion(-0.0729451, 0.712729, -0.124408, 0.686454)
bones/27/rotation = Quaternion(0.0232326, -0.0592717, 0.00340008, 0.997966)
bones/28/rotation = Quaternion(0.0613683, -0.369199, -0.00321844, 0.927316)
bones/29/rotation = Quaternion(0.0198291, 0.714469, 0.0063547, 0.699357)
bones/30/rotation = Quaternion(-0.156033, -0.818486, -0.117692, 0.540262)
bones/31/rotation = Quaternion(0.00691225, 0.465237, 0.0290465, 0.884682)
bones/32/rotation = Quaternion(0.00184784, 0.716118, -0.0862045, 0.692633)
bones/33/rotation = Quaternion(0.0977412, 0.929791, -0.136774, 0.327457)
bones/34/rotation = Quaternion(0.0745723, 0.252732, 0.0926202, 0.960202)
bones/35/rotation = Quaternion(0.0577801, 0.712122, -0.0575499, 0.697303)
bones/36/rotation = Quaternion(0.282699, 0.949351, -0.136688, 0.0113997)
bones/37/rotation = Quaternion(0.0223861, -0.0836032, 0.0309775, 0.995766)
bones/38/rotation = Quaternion(0.0428953, 0.717813, -0.0579771, 0.692491)
bones/39/rotation = Quaternion(0.169368, 0.907768, -0.0186278, -0.383308)
bones/40/rotation = Quaternion(0.0376061, -0.0490229, 0.072173, 0.995477)
bones/41/rotation = Quaternion(0.0333183, 0.00131658, -0.00380097, 0.999437)
bones/42/rotation = Quaternion(0.00586606, 0.708612, 0.0567659, 0.703287)
bones/43/rotation = Quaternion(0.989857, 0.0790718, -0.0687172, -0.0959632)
bones/44/rotation = Quaternion(0.203239, 0.00205528, 0.0283815, 0.978715)
bones/45/rotation = Quaternion(0.0388146, 0.866067, -0.494037, 0.0659459)
bones/46/rotation = Quaternion(0.427047, -0.0145229, -0.0222704, 0.903838)
bones/47/rotation = Quaternion(0.994516, -0.0914181, 0.014586, 0.0486672)
bones/48/rotation = Quaternion(0.172314, -0.00206989, -0.0283057, 0.984633)
bones/49/rotation = Quaternion(-0.0160874, 0.898591, -0.431228, -0.0794846)
bones/50/rotation = Quaternion(0.302549, 0.0110119, 0.000391961, 0.95307)

[node name="longSleevedJacket" parent="Pawns/pawnEntity3/Mesh/MaleSkeleton/Skeleton3D/Clothing" index="0" instance=ExtResource("9_7fv4q")]

[node name="LeftGloveFingerless" parent="Pawns/pawnEntity3/Mesh/MaleSkeleton/Skeleton3D/Clothing" index="1" instance=ExtResource("19_t0e24")]

[node name="RightGloveFingerless" parent="Pawns/pawnEntity3/Mesh/MaleSkeleton/Skeleton3D/Clothing" index="2" instance=ExtResource("20_blqkk")]

[node name="ArmoredPants" parent="Pawns/pawnEntity3/Mesh/MaleSkeleton/Skeleton3D/Clothing" index="3" instance=ExtResource("9_f5k1i")]

[node name="UpperChest" parent="Pawns/pawnEntity3/BoneAttatchments" index="0"]
transform = Transform3D(-0.995821, 0.0129253, 0.0902902, 0.0103759, 0.999526, -0.0286548, -0.0906187, -0.0275987, -0.995493, -2.34596, 2.05596, 37.3761)

[node name="LeftThigh" parent="Pawns/pawnEntity3/BoneAttatchments" index="1"]
transform = Transform3D(-0.98971, -0.142573, 0.0117807, 0.141408, -0.987398, -0.0706545, 0.0217082, -0.0682599, 0.997427, -2.39969, 1.71634, 37.3572)

[node name="LeftFoot" parent="Pawns/pawnEntity3/BoneAttatchments" index="2"]
transform = Transform3D(0.976279, -0.212683, -0.0400537, -0.136284, -0.747862, 0.649641, -0.168136, -0.628783, -0.759153, -2.48626, 0.938271, 37.4638)

[node name="LeftKnee" parent="Pawns/pawnEntity3/BoneAttatchments" index="3"]
transform = Transform3D(-0.996045, -0.0717203, 0.0521104, 0.0849669, -0.94009, 0.330081, 0.0253176, 0.333221, 0.9425, -2.45737, 1.31686, 37.3296)

[node name="RightThigh" parent="Pawns/pawnEntity3/BoneAttatchments" index="4"]
transform = Transform3D(-0.963051, 0.221438, -0.153258, -0.157898, -0.925279, -0.344784, -0.218163, -0.307839, 0.926082, -2.29997, 1.71559, 37.3713)

[node name="RightFoot" parent="Pawns/pawnEntity3/BoneAttatchments" index="5"]
transform = Transform3D(0.932132, 0.318516, 0.172235, 0.0613695, -0.607708, 0.79175, 0.35687, -0.72746, -0.586027, -2.16893, 0.940712, 37.2521)

[node name="RightKnee" parent="Pawns/pawnEntity3/BoneAttatchments" index="6"]
transform = Transform3D(-0.973117, 0.102915, -0.20595, -0.103448, -0.994575, -0.00825405, -0.205689, 0.0132882, 0.978517, -2.21038, 1.34125, 37.2467)

[node name="Stomach" parent="Pawns/pawnEntity3/BoneAttatchments" index="7"]
transform = Transform3D(-0.99326, 0.0441331, 0.107081, 0.0318003, 0.992921, -0.114265, -0.111368, -0.110091, -0.987642, -2.35505, 1.85133, 37.3988)

[node name="Hips" parent="Pawns/pawnEntity3/BoneAttatchments" index="8"]
transform = Transform3D(-0.990201, -0.0277031, 0.136803, 0.00743908, 0.968235, 0.249916, -0.139381, 0.248487, -0.95855, -2.35118, 1.71598, 37.3641)

[node name="Neck" parent="Pawns/pawnEntity3/BoneAttatchments" index="9"]
transform = Transform3D(-0.996147, 0.0112553, 0.08686, 0.00295189, 0.995449, -0.0951439, -0.0875365, -0.094522, -0.991657, -2.34255, 2.31974, 37.3688)

[node name="leftHand" parent="Pawns/pawnEntity3/BoneAttatchments" index="10"]
transform = Transform3D(0.455815, -0.0119665, -0.88998, 0.189705, -0.975614, 0.110274, -0.869592, -0.219091, -0.442433, -2.5218, 1.78755, 37.3228)

[node name="rightHand" parent="Pawns/pawnEntity3/BoneAttatchments" index="11"]
transform = Transform3D(0.253353, 0.153338, 0.955144, -0.0539424, -0.983555, 0.172209, 0.965858, -0.0951259, -0.240917, -2.17691, 1.78993, 37.425)

[node name="pawnEntity4" parent="Pawns" index="4" node_paths=PackedStringArray("velocityComponent", "healthComponent", "rootCameraNode", "followNode") instance=ExtResource("7_p48cf")]
transform = Transform3D(1, 0, 0, 0, 1, 0, 0, 0, 1, -4.71292, 2.77911, 38.133)
velocityComponent = NodePath("../pawnEntity/Components/VelocityComponent")
healthComponent = NodePath("../pawnEntity/Components/HealthComponent")
rootCameraNode = NodePath("../pawnEntity/Mesh")
followNode = NodePath("../pawnEntity/BoneAttatchments/Stomach")

[node name="pawnEntity5" parent="Pawns" index="5" node_paths=PackedStringArray("velocityComponent", "healthComponent", "rootCameraNode", "followNode") instance=ExtResource("7_p48cf")]
transform = Transform3D(1, 0, 0, 0, 1, 0, 0, 0, 1, -8.5441, 5.57222, 37.9616)
velocityComponent = NodePath("../pawnEntity/Components/VelocityComponent")
healthComponent = NodePath("../pawnEntity/Components/HealthComponent")
rootCameraNode = NodePath("../pawnEntity/Mesh")
followNode = NodePath("../pawnEntity/BoneAttatchments/Stomach")

[editable path="Pawns/Players/playerEntity"]
[editable path="Pawns/pawnEntity"]
[editable path="Pawns/pawnEntity2"]
[editable path="Pawns/pawnEntity3"]
